3990512	2036065_1	1	105.96512603759766
3990512	248974_2	2	104.0721206665039
3990512	3265991_12	3	103.97383880615234
3990512	4087614_7	4	99.67459106445312
3990512	3265991_7	5	99.57862854003906
3990512	311770_2	6	98.50065612792969
3990512	4423631_2	7	97.24064636230469
3990512	1173778_3	8	97.00977325439453
3990512	2436088_5	9	96.7812271118164
3990512	2397714_2	10	96.74279022216797
1351675	1679673_0	1	94.78292083740234
1351675	1062527_5	2	93.8802261352539
1351675	3622010_2	3	93.50499725341797
1351675	939905_4	4	93.40996551513672
1351675	3089731_0	5	93.28231048583984
1351675	1062527_2	6	93.20893096923828
1351675	4289249_10	7	93.1402359008789
1351675	107944_0	8	93.13597106933594
1351675	2389242_4	9	93.0927734375
1351675	1425896_2	10	93.06016540527344
2814599	2814599_0	1	105.35337829589844
2814599	2814599_1	2	102.88033294677734
2814599	2814599_5	3	102.7125244140625
2814599	2814599_3	4	99.34844207763672
2814599	317530_1	5	98.00862884521484
2814599	3363498_8	6	97.94255828857422
2814599	2122458_1	7	97.24718475341797
2814599	3769909_2	8	97.24718475341797
2814599	2744003_8	9	96.34783172607422
2814599	119000_1	10	96.12506103515625
3910925	3720632_7	1	112.18684387207031
3910925	1742488_2	2	107.69169616699219
3910925	2556570_2	3	106.99323272705078
3910925	601072_7	4	106.64583587646484
3910925	1961993_3	5	106.61534881591797
3910925	3910925_9	6	106.61457824707031
3910925	2065163_0	7	106.52493286132812
3910925	1782123_1	8	106.39656066894531
3910925	696384_0	9	106.32874298095703
3910925	3910925_7	10	106.32874298095703
4462511	582850_3	1	104.59770965576172
4462511	1852661_5	2	104.53170013427734
4462511	3298989_11	3	103.64666748046875
4462511	582850_8	4	103.50416564941406
4462511	3640550_5	5	103.31536865234375
4462511	1643012_2	6	103.14167785644531
4462511	650202_4	7	103.14009094238281
4462511	582850_5	8	102.34185028076172
4462511	4227880_1	9	102.28534698486328
4462511	1343714_3	10	102.09725952148438
3499881	3499881_11	1	101.55965423583984
3499881	3193262_3	2	99.73576354980469
3499881	3193262_10	3	99.50835418701172
3499881	3089958_18	4	98.58646392822266
3499881	3549261_7	5	98.56887817382812
3499881	256524_2	6	97.72232055664062
3499881	3287776_1	7	97.32036590576172
3499881	3068149_10	8	97.03218078613281
3499881	3076949_10	9	96.7855453491211
3499881	3341732_6	10	96.35826873779297
2892478	1664423_2	1	103.36617279052734
2892478	175516_3	2	102.49812316894531
2892478	1196555_0	3	101.08050537109375
2892478	396703_8	4	100.71603393554688
2892478	4394257_0	5	100.0347900390625
2892478	3256438_3	6	99.64753723144531
2892478	2341682_0	7	99.33395385742188
2892478	3437121_0	8	99.2457275390625
2892478	2489934_7	9	99.11538696289062
2892478	836160_1	10	99.045654296875
4190287	1256399_1	1	110.41358184814453
4190287	4190287_3	2	107.85667419433594
4190287	785804_2	3	103.78497314453125
4190287	1256399_0	4	101.79524993896484
4190287	3405227_9	5	100.20206451416016
4190287	4190287_9	6	99.32273864746094
4190287	1309223_7	7	99.31754302978516
4190287	3197949_8	8	99.05987548828125
4190287	4190287_0	9	99.0338363647461
4190287	37042_30	10	98.90269470214844
204633	3176625_17	1	109.3873062133789
204633	2256871_15	2	106.87677764892578
204633	550933_3	3	106.83210754394531
204633	1758701_4	4	105.91645050048828
204633	3786133_0	5	105.35919952392578
204633	3798544_1	6	104.23233032226562
204633	2719961_3	7	103.5748062133789
204633	1511093_4	8	102.75813293457031
204633	1144037_3	9	102.16051483154297
204633	3290854_11	10	102.10664367675781
1663853	1169868_6	1	108.35301971435547
1663853	4106567_5	2	107.50738525390625
1663853	4428257_1	3	106.88143920898438
1663853	1058394_2	4	105.58061981201172
1663853	3930867_0	5	105.5036392211914
1663853	360770_7	6	105.26524353027344
1663853	2855167_6	7	105.13793182373047
1663853	1058394_3	8	104.39117431640625
1663853	194745_7	9	104.29875946044922
1663853	1250446_2	10	104.28791046142578
2529114	4327257_4	1	102.1914291381836
2529114	2032559_1	2	101.94649505615234
2529114	3406865_12	3	101.41159057617188
2529114	2518881_3	4	101.26416778564453
2529114	3876065_3	5	101.26387023925781
2529114	1403348_13	6	101.26240539550781
2529114	3406865_0	7	101.20903015136719
2529114	44592_0	8	100.86418914794922
2529114	3939365_0	9	100.5191421508789
2529114	1192265_5	10	100.35713195800781
3874326	3874326_9	1	97.75422668457031
3874326	3146069_12	2	97.39055633544922
3874326	1796756_1	3	97.00041198730469
3874326	1761140_16	4	96.8433609008789
3874326	4398915_15	5	96.17749786376953
3874326	2975356_2	6	96.17749786376953
3874326	235858_7	7	95.96803283691406
3874326	76436_3	8	95.66024780273438
3874326	1267136_2	9	95.4542465209961
3874326	3287239_27	10	95.24861145019531
2180086	2176414_10	1	103.84140014648438
2180086	2807056_12	2	103.84140014648438
2180086	2352481_3	3	103.16692352294922
2180086	3121782_5	4	103.13998413085938
2180086	3294488_13	5	101.76063537597656
2180086	1001744_11	6	101.73870849609375
2180086	2720622_12	7	101.31021118164062
2180086	3793577_1	8	101.14844512939453
2180086	3070309_4	9	101.00347900390625
2180086	1322383_4	10	100.92093658447266
922849	922849_7	1	113.63236236572266
922849	4317770_7	2	110.53289794921875
922849	612672_4	3	109.63347625732422
922849	2260403_6	4	108.19023132324219
922849	3502426_19	5	107.66992950439453
922849	3679340_5	6	107.64588165283203
922849	922849_31	7	107.63968658447266
922849	2183564_6	8	107.57247924804688
922849	594734_24	9	107.15843963623047
922849	3480363_3	10	106.7573013305664
3280768	2504534_7	1	111.4120864868164
3280768	1272714_2	2	108.43228912353516
3280768	4156458_12	3	105.28583526611328
3280768	3280768_0	4	105.12409210205078
3280768	3280768_1	5	105.11481475830078
3280768	1550388_18	6	104.36515045166016
3280768	2828498_1	7	104.3408203125
3280768	250261_13	8	104.31660461425781
3280768	1990217_18	9	104.2435073852539
3280768	1606787_10	10	103.71739959716797
1477322	4304627_1	1	109.44326782226562
1477322	3412281_7	2	108.67878723144531
1477322	3150973_20	3	108.53672790527344
1477322	1477322_2	4	107.49824523925781
1477322	3381250_30	5	106.81670379638672
1477322	2653782_4	6	106.590576171875
1477322	1787555_6	7	106.58702087402344
1477322	2400757_3	8	106.3121566772461
1477322	203395_3	9	106.08338928222656
1477322	1336065_6	10	105.2460708618164
4003223	4281301_12	1	107.33147430419922
4003223	1224613_1	2	105.27254486083984
4003223	3310615_3	3	104.09750366210938
4003223	1571879_2	4	103.48782348632812
4003223	3120723_5	5	101.18799591064453
4003223	764181_2	6	99.80986022949219
4003223	2449337_0	7	99.3059310913086
4003223	2433082_9	8	99.24893951416016
4003223	4363907_12	9	98.73856353759766
4003223	1823539_13	10	98.39462280273438
224109	224109_1	1	101.05144500732422
224109	819547_7	2	97.9326400756836
224109	1643021_1	3	97.62821960449219
224109	4348199_2	4	94.82014465332031
224109	2992486_2	5	94.4334716796875
224109	1771401_0	6	94.34005737304688
224109	2283493_4	7	94.11993408203125
224109	410367_2	8	94.09162139892578
224109	410367_0	9	93.62166595458984
224109	173991_0	10	93.5158462524414
953489	1768710_12	1	104.65613555908203
953489	1404843_2	2	103.63103485107422
953489	3064090_2	3	103.37911224365234
953489	3886490_1	4	103.37842559814453
953489	3103607_3	5	103.2885971069336
953489	3017454_21	6	103.1382827758789
953489	2190219_1	7	103.08397674560547
953489	1592740_0	8	102.7412338256836
953489	3901776_2	9	102.38968658447266
953489	649667_4	10	102.21489715576172
3496147	2212679_14	1	106.1581039428711
3496147	3496147_2	2	104.69178009033203
3496147	1453886_16	3	102.4006118774414
3496147	1878166_5	4	101.96089172363281
3496147	2365724_5	5	101.93184661865234
3496147	4147910_9	6	101.9302978515625
3496147	953516_16	7	101.67655944824219
3496147	212480_0	8	101.16258239746094
3496147	2984328_11	9	101.0897216796875
3496147	2429843_6	10	100.70664978027344
172731	172731_6	1	108.64896392822266
172731	172731_10	2	103.60999298095703
172731	172731_2	3	102.7503662109375
172731	2251030_5	4	102.30939483642578
172731	172731_1	5	102.28701782226562
172731	1955223_3	6	101.73236846923828
172731	1401312_0	7	101.6231918334961
172731	1955223_0	8	101.51398468017578
172731	2251030_9	9	100.94467163085938
172731	1357837_0	10	98.90196990966797
1077370	1077370_2	1	109.27597045898438
1077370	1077370_1	2	106.88433074951172
1077370	3324906_5	3	104.21944427490234
1077370	1077370_3	4	103.10443115234375
1077370	3610717_9	5	102.52286529541016
1077370	1077370_9	6	101.02959442138672
1077370	2936760_5	7	100.45584869384766
1077370	3293828_2	8	100.3072509765625
1077370	1196131_9	9	99.7857894897461
1077370	3324906_1	10	99.67581939697266
1964316	3059341_5	1	110.25259399414062
1964316	1218838_13	2	107.58724212646484
1964316	1964316_5	3	103.54993438720703
1964316	1674088_11	4	102.50567626953125
1964316	3435824_3	5	102.44812774658203
1964316	2058006_4	6	101.97023010253906
1964316	1964316_1	7	101.88068389892578
1964316	2273802_1	8	101.71131134033203
1964316	1964316_2	9	101.44317626953125
1964316	4211519_3	10	101.30950927734375
2479423	4089749_3	1	107.0002670288086
2479423	29736_0	2	104.50863647460938
2479423	1205879_1	3	103.94912719726562
2479423	3815491_0	4	103.72711181640625
2479423	3973873_1	5	103.02778625488281
2479423	4470463_0	6	102.71926879882812
2479423	2250053_7	7	102.12836456298828
2479423	2479423_2	8	101.9396743774414
2479423	3456738_4	9	101.79525756835938
2479423	365863_2	10	101.73767852783203
1282199	4008397_11	1	102.893798828125
1282199	2139451_1	2	102.24897003173828
1282199	4393055_2	3	101.4843978881836
1282199	843022_5	4	101.26350402832031
1282199	3751490_0	5	101.19157409667969
1282199	806776_5	6	100.72418212890625
1282199	3264162_9	7	100.64825439453125
1282199	2500598_6	8	99.30337524414062
1282199	2631387_1	9	99.19185638427734
1282199	1842124_4	10	98.97686767578125
714612	714612_0	1	108.20779418945312
714612	714612_7	2	104.3503189086914
714612	2781942_4	3	102.36723327636719
714612	222393_5	4	101.76488494873047
714612	2973956_20	5	101.64738464355469
714612	2854298_4	6	101.3948974609375
714612	417048_4	7	101.0064697265625
714612	1066338_2	8	100.88727569580078
714612	2781942_0	9	100.8225326538086
714612	3561080_2	10	100.13739013671875
1783010	2297453_8	1	104.83670806884766
1783010	1783010_2	2	102.81487274169922
1783010	1783010_16	3	101.84849548339844
1783010	2521020_7	4	100.88607025146484
1783010	1783010_17	5	100.4328384399414
1783010	2260443_4	6	100.29157257080078
1783010	4388183_19	7	100.2514419555664
1783010	2260443_1	8	100.1063461303711
1783010	2101797_1	9	99.72492980957031
1783010	1783010_14	10	99.66435241699219
3369088	852312_5	1	107.1309814453125
3369088	3033038_10	2	106.01814270019531
3369088	3369088_2	3	105.72531127929688
3369088	2632076_3	4	103.21098327636719
3369088	1990217_15	5	102.77851867675781
3369088	196043_14	6	101.60497283935547
3369088	3886381_5	7	101.34333038330078
3369088	1345076_5	8	101.0319595336914
3369088	1134_5	9	100.97515869140625
3369088	3369088_7	10	100.93342590332031
2643507	2679009_4	1	107.95166778564453
2643507	2643507_0	2	104.63225555419922
2643507	2643507_15	3	103.93142700195312
2643507	1018465_0	4	103.20980834960938
2643507	2643507_2	5	103.20568084716797
2643507	2925174_1	6	102.64478302001953
2643507	2643507_19	7	102.23394775390625
2643507	257546_0	8	101.90505981445312
2643507	1374825_0	9	101.6168212890625
2643507	130736_29	10	101.31938171386719
2795030	2563804_1	1	96.01705932617188
2795030	244879_6	2	95.93903350830078
2795030	4481360_18	3	95.53599548339844
2795030	443474_12	4	95.23497009277344
2795030	1945152_2	5	95.03174591064453
2795030	3686100_7	6	94.90789794921875
2795030	1459493_4	7	94.83271026611328
2795030	3368344_2	8	94.28172302246094
2795030	222393_4	9	94.2081298828125
2795030	1389705_10	10	94.09355163574219
4311093	1196555_0	1	111.79235076904297
4311093	989850_11	2	111.08474731445312
4311093	577077_0	3	110.98492431640625
4311093	3542779_4	4	108.5238265991211
4311093	3405014_5	5	108.17865753173828
4311093	824878_2	6	106.84251403808594
4311093	989850_12	7	106.3656234741211
4311093	4311093_7	8	105.78311920166016
4311093	2813162_14	9	105.66425323486328
4311093	577077_1	10	105.65180206298828
3155314	3155314_2	1	99.39764404296875
3155314	3574832_3	2	98.08628845214844
3155314	969379_7	3	96.60236358642578
3155314	1316226_7	4	96.10152435302734
3155314	3562551_2	5	95.89891052246094
3155314	851226_1	6	95.77310943603516
3155314	2492445_27	7	95.17090606689453
3155314	413260_6	8	95.15646362304688
3155314	3155314_0	9	95.09696197509766
3155314	3404277_24	10	95.04620361328125
1937374	1937374_2	1	98.6731948852539
1937374	946607_9	2	97.63146209716797
1937374	2961712_2	3	97.1572036743164
1937374	2258791_0	4	95.78504943847656
1937374	2961712_4	5	95.40058898925781
1937374	3960072_4	6	95.01420593261719
1937374	3960072_1	7	94.86823272705078
1937374	709650_4	8	94.86437225341797
1937374	1158027_0	9	94.73576354980469
1937374	2330949_5	10	94.6291275024414
3960080	3960080_2	1	106.5836181640625
3960080	3960080_4	2	103.15935516357422
3960080	1081262_2	3	100.72801971435547
3960080	731552_5	4	100.45895385742188
3960080	3960080_5	5	100.16976165771484
3960080	2024508_8	6	98.68238067626953
3960080	1361257_0	7	98.47296142578125
3960080	4440482_1	8	97.90379333496094
3960080	1132356_6	9	97.89544677734375
3960080	1361257_4	10	97.69226837158203
2592121	2592121_0	1	102.48893737792969
2592121	1142306_2	2	99.22022247314453
2592121	1142306_0	3	99.12702178955078
2592121	883246_0	4	98.22077178955078
2592121	2584291_0	5	96.68746948242188
2592121	2592121_2	6	96.59457397460938
2592121	2584291_3	7	94.52019500732422
2592121	3597817_0	8	94.44184875488281
2592121	1142306_4	9	94.38505554199219
2592121	1752934_1	10	94.21456146240234
204963	3481115_1	1	117.45960235595703
204963	3481115_22	2	117.45960235595703
204963	2980079_0	3	116.30069732666016
204963	2144015_3	4	115.04370880126953
204963	2447109_3	5	114.34040832519531
204963	3993559_3	6	114.06575012207031
204963	1418963_1	7	113.89434051513672
204963	2144015_8	8	113.20462799072266
204963	1418963_14	9	112.4291000366211
204963	3481115_17	10	111.93138122558594
1254390	2649231_2	1	100.44811248779297
1254390	855741_4	2	99.75904083251953
1254390	3711329_3	3	99.4891128540039
1254390	2954056_3	4	99.17218017578125
1254390	3186063_12	5	99.04249572753906
1254390	1254390_3	6	98.69679260253906
1254390	1209792_7	7	98.37516784667969
1254390	3923771_0	8	98.20445251464844
1254390	2818680_4	9	98.09690856933594
1254390	1065525_1	10	98.0518569946289
34041	3753240_2	1	108.57090759277344
34041	2617887_6	2	106.0347900390625
34041	34041_5	3	105.64317321777344
34041	3753240_0	4	105.45787811279297
34041	2668911_2	5	105.09542846679688
34041	34041_0	6	104.78955078125
34041	34041_3	7	104.45475769042969
34041	2668911_14	8	103.59766387939453
34041	3123658_4	9	103.54484558105469
34041	3427520_1	10	103.2812271118164
2976644	2976644_0	1	101.9395980834961
2976644	3180646_2	2	99.24687194824219
2976644	4144330_1	3	98.94660186767578
2976644	4003022_2	4	97.67886352539062
2976644	2159248_6	5	97.30403137207031
2976644	4003022_0	6	96.42781066894531
2976644	3859889_0	7	96.2157211303711
2976644	4396685_13	8	95.91169738769531
2976644	1370560_7	9	95.82047271728516
2976644	2976644_1	10	95.80821990966797
4288761	4288761_10	1	99.14067077636719
4288761	4010933_11	2	98.73873901367188
4288761	1192346_13	3	97.08525848388672
4288761	1175059_7	4	95.4040756225586
4288761	852312_5	5	95.38146209716797
4288761	2566159_0	6	95.22000122070312
4288761	2507332_1	7	95.08888244628906
4288761	1134_5	8	95.01844787597656
4288761	1937065_2	9	94.99051666259766
4288761	1472795_10	10	94.845458984375
1607728	696864_0	1	103.37787628173828
1607728	620389_2	2	103.20525360107422
1607728	1657241_0	3	102.45193481445312
1607728	2983464_5	4	101.92024230957031
1607728	2928902_2	5	101.5583267211914
1607728	3326879_1	6	101.01904296875
1607728	696864_6	7	100.51206970214844
1607728	1376686_0	8	100.12533569335938
1607728	2259318_11	9	100.0460433959961
1607728	1410217_6	10	100.02313995361328
4185395	3411126_0	1	110.23345947265625
4185395	3381554_3	2	105.90946960449219
4185395	623403_2	3	104.8327407836914
4185395	623403_3	4	103.88748931884766
4185395	1870194_8	5	103.19232940673828
4185395	4418822_4	6	101.98369598388672
4185395	3531330_1	7	101.76378631591797
4185395	1265051_3	8	101.50460052490234
4185395	2872527_2	9	101.42774200439453
4185395	1316213_19	10	101.31112670898438
4126337	295179_1	1	117.73689270019531
4126337	588895_4	2	110.79319763183594
4126337	4185324_14	3	109.29717254638672
4126337	433291_1	4	109.2305908203125
4126337	379259_2	5	108.63866424560547
4126337	2464386_8	6	108.22367095947266
4126337	703928_4	7	108.22367095947266
4126337	2464386_9	8	107.97238159179688
4126337	4112981_7	9	107.69721221923828
4126337	3910563_1	10	107.667236328125
2309774	2309774_10	1	101.02058410644531
2309774	4432315_0	2	100.98946380615234
2309774	2407047_8	3	100.97679138183594
2309774	3203946_11	4	100.6181411743164
2309774	1900290_4	5	100.54606628417969
2309774	3911224_32	6	100.01898956298828
2309774	145138_1	7	99.90068817138672
2309774	3994073_5	8	99.8389892578125
2309774	1050825_6	9	99.76438903808594
2309774	208495_4	10	99.65393829345703
2452795	2177391_1	1	94.38558197021484
2452795	47875_1	2	94.10470581054688
2452795	139584_3	3	94.05156707763672
2452795	1386270_0	4	93.88152313232422
2452795	3838916_1	5	93.68559265136719
2452795	2835013_0	6	93.3818130493164
2452795	880368_0	7	93.29828643798828
2452795	3396068_1	8	93.18576049804688
2452795	3614733_1	9	93.14402770996094
2452795	412035_4	10	92.69062805175781
2783398	2402461_0	1	115.59580993652344
2783398	2783398_8	2	106.0074234008789
2783398	782363_0	3	104.36695098876953
2783398	2783398_11	4	103.92961883544922
2783398	2783398_2	5	103.88469696044922
2783398	2783398_14	6	102.77924346923828
2783398	2783398_9	7	102.72608184814453
2783398	2783398_12	8	102.48735046386719
2783398	782363_3	9	101.78267669677734
2783398	2783398_1	10	101.43185424804688
1373069	4141396_10	1	107.98670196533203
1373069	1782300_4	2	107.39608001708984
1373069	3133147_9	3	107.37773895263672
1373069	3149170_6	4	106.92774200439453
1373069	3969612_9	5	106.82766723632812
1373069	2272465_4	6	106.82371520996094
1373069	2380507_2	7	106.73088073730469
1373069	1689674_8	8	105.01779174804688
1373069	1973058_2	9	103.30050659179688
1373069	1015033_0	10	103.05314636230469
3206998	3167183_11	1	103.55083465576172
3206998	2781191_1	2	100.62035369873047
3206998	240442_2	3	100.06414794921875
3206998	1718008_8	4	100.02069854736328
3206998	2397527_3	5	99.73873138427734
3206998	1959664_9	6	99.61632537841797
3206998	802342_0	7	99.55828094482422
3206998	1483687_2	8	99.05252838134766
3206998	3206998_8	9	98.88103485107422
3206998	551908_4	10	98.51631927490234
2862887	3801963_3	1	97.10250091552734
2862887	3619417_2	2	97.04689025878906
2862887	3961_16	3	96.68877410888672
2862887	1501486_3	4	96.34661865234375
2862887	4091640_6	5	96.13975524902344
2862887	4078801_18	6	95.99238586425781
2862887	2862887_0	7	95.89292907714844
2862887	1157012_7	8	95.23338317871094
2862887	851449_7	9	95.11309051513672
2862887	2298163_3	10	95.07776641845703
4196421	3322405_11	1	113.79280090332031
4196421	2999047_11	2	109.32392883300781
4196421	1952880_1	3	103.76013946533203
4196421	2485345_12	4	103.36717224121094
4196421	1273180_2	5	102.93307495117188
4196421	2224380_1	6	102.85124969482422
4196421	4422000_3	7	102.42343139648438
4196421	4181573_13	8	102.22168731689453
4196421	2146313_9	9	102.19330596923828
4196421	4233450_2	10	102.11621856689453
2528767	2528767_3	1	107.00059509277344
2528767	2528767_0	2	105.3477783203125
2528767	2528767_4	3	102.63294219970703
2528767	2528767_2	4	102.14166259765625
2528767	2167806_1	5	101.40775299072266
2528767	2528767_1	6	100.83053588867188
2528767	2528767_5	7	99.64295196533203
2528767	1536562_4	8	99.05585479736328
2528767	198085_5	9	96.64010620117188
2528767	1080891_3	10	96.39796447753906
2799913	2893666_8	1	100.84375762939453
2799913	4361653_7	2	100.73287963867188
2799913	4361653_6	3	100.72260284423828
2799913	2235420_4	4	100.68263244628906
2799913	4361653_0	5	99.4309310913086
2799913	2763307_7	6	99.31494903564453
2799913	4439811_3	7	98.53807830810547
2799913	1312144_0	8	98.45470428466797
2799913	3501361_2	9	98.36210632324219
2799913	206528_0	10	98.0652084350586
1702151	3424110_10	1	108.5796127319336
1702151	1395064_1	2	103.04632568359375
1702151	3197693_11	3	100.31722259521484
1702151	592616_1	4	100.18528747558594
1702151	4279699_1	5	99.86660766601562
1702151	548440_4	6	99.85227966308594
1702151	4370455_8	7	99.67452239990234
1702151	2664288_16	8	99.27197265625
1702151	1809234_11	9	98.92984771728516
1702151	1548466_0	10	98.92304992675781
1502604	1131654_7	1	104.78539276123047
1502604	584994_4	2	102.33345031738281
1502604	4151268_1	3	102.21114349365234
1502604	2507021_10	4	102.21114349365234
1502604	1808256_2	5	101.23716735839844
1502604	2777751_3	6	100.7866439819336
1502604	2436437_6	7	100.57878875732422
1502604	2785568_0	8	100.48910522460938
1502604	4384309_10	9	100.14336395263672
1502604	4206702_6	10	98.92684173583984
312215	2198611_11	1	109.1136703491211
312215	1015800_24	2	107.44341278076172
312215	312215_4	3	106.18626403808594
312215	1573436_0	4	105.05640411376953
312215	312215_8	5	105.04801177978516
312215	1060042_1	6	102.78083038330078
312215	208358_2	7	102.18010711669922
312215	312215_2	8	102.16222381591797
312215	238165_21	9	101.9324951171875
312215	1060042_28	10	101.65533447265625
4256593	982409_1	1	100.0296630859375
4256593	4256593_1	2	99.1446762084961
4256593	2537627_2	3	98.22600555419922
4256593	1004200_1	4	98.1084213256836
4256593	4256593_0	5	97.74341583251953
4256593	4256593_5	6	97.5911636352539
4256593	1075565_1	7	97.48656463623047
4256593	2763149_3	8	97.33570861816406
4256593	4031140_1	9	96.9908447265625
4256593	757538_2	10	96.93582916259766
785823	2308266_1	1	104.91365814208984
785823	4294048_2	2	104.1325454711914
785823	3244575_1	3	103.45713806152344
785823	1022389_1	4	103.24459838867188
785823	4057949_1	5	103.24459838867188
785823	1388368_2	6	102.71746826171875
785823	2502077_0	7	101.56620788574219
785823	2673119_4	8	100.56047821044922
785823	785823_2	9	100.51360321044922
785823	4297168_2	10	100.04999542236328
1459749	3331504_15	1	103.5300064086914
1459749	2893732_1	2	103.02562713623047
1459749	1325145_7	3	101.70751953125
1459749	2042812_24	4	100.33216857910156
1459749	1086309_8	5	99.73684692382812
1459749	1459749_0	6	99.49419403076172
1459749	2513999_2	7	99.44425964355469
1459749	3059401_8	8	99.28096008300781
1459749	2733559_6	9	99.20208740234375
1459749	2244159_19	10	98.9607162475586
1262692	4200715_1	1	107.8819808959961
1262692	159551_5	2	105.37144470214844
1262692	1757398_19	3	104.06930541992188
1262692	918942_2	4	104.06930541992188
1262692	3352085_8	5	103.46349334716797
1262692	436397_3	6	103.46349334716797
1262692	99035_15	7	103.089599609375
1262692	866587_0	8	102.54978942871094
1262692	10043_1	9	102.05709075927734
1262692	986052_4	10	101.99887084960938
2182052	144229_4	1	102.87225341796875
2182052	181119_97	2	102.87225341796875
2182052	1847448_5	3	101.98833465576172
2182052	4059029_2	4	101.82951354980469
2182052	1477953_3	5	101.7237319946289
2182052	3726700_3	6	100.78280639648438
2182052	2182052_3	7	100.77720642089844
2182052	3041550_1	8	100.5892562866211
2182052	2274920_7	9	99.93428802490234
2182052	2649337_3	10	99.93428802490234
4367654	3225840_2	1	113.7350845336914
4367654	3225840_3	2	108.13837432861328
4367654	3225840_5	3	107.55784606933594
4367654	4239397_0	4	106.9046859741211
4367654	3225840_1	5	105.54122924804688
4367654	412329_1	6	103.32408142089844
4367654	1972970_6	7	102.60108184814453
4367654	1972970_3	8	102.28128814697266
4367654	1461587_6	9	102.08468627929688
4367654	3225840_10	10	100.30120086669922
4018891	2716137_1	1	102.20389556884766
4018891	4401156_5	2	101.45508575439453
4018891	4018891_42	3	101.36643981933594
4018891	4018891_3	4	100.87325286865234
4018891	4018891_0	5	100.4830322265625
4018891	4018891_64	6	100.21288299560547
4018891	4018891_22	7	99.61302185058594
4018891	4018891_53	8	99.48909759521484
4018891	1380654_35	9	99.11182403564453
4018891	4018891_34	10	98.99095153808594
229303	1736899_10	1	103.70953369140625
229303	3141496_7	2	102.98189544677734
229303	4075943_3	3	102.47700500488281
229303	1930928_1	4	101.99742889404297
229303	3560813_11	5	101.59239959716797
229303	1782331_1	6	100.85713195800781
229303	3911224_32	7	100.61302947998047
229303	2934422_0	8	100.47965240478516
229303	4308477_0	9	100.47109985351562
229303	2425212_0	10	100.37238311767578
1866981	3240393_4	1	112.2276840209961
1866981	1085497_7	2	108.6756591796875
1866981	1076062_1	3	108.52246856689453
1866981	836160_3	4	108.188232421875
1866981	836160_2	5	107.58830261230469
1866981	2224380_11	6	106.23394012451172
1866981	4128537_0	7	106.22756958007812
1866981	3096220_8	8	105.89441680908203
1866981	246256_4	9	105.64517974853516
1866981	4111177_6	10	105.40460205078125
2847807	1757398_19	1	104.94226837158203
2847807	918942_2	2	104.94226837158203
2847807	99035_15	3	104.48641967773438
2847807	436397_3	4	104.35541534423828
2847807	3352085_8	5	104.35541534423828
2847807	2843594_2	6	104.089599609375
2847807	2197832_1	7	102.62470245361328
2847807	4373459_8	8	102.52713775634766
2847807	4042137_7	9	102.20466613769531
2847807	1670782_2	10	102.20466613769531
103830	103830_3	1	106.46003723144531
103830	3800809_8	2	105.26422119140625
103830	1248486_6	3	104.66551971435547
103830	951680_3	4	103.81404113769531
103830	103830_4	5	102.61531066894531
103830	3121504_7	6	102.55559539794922
103830	1413571_5	7	102.50804138183594
103830	3770698_3	8	101.7345199584961
103830	3773135_4	9	101.66035461425781
103830	2696299_1	10	101.60334014892578
1292734	868661_2	1	112.71040344238281
1292734	4208766_1	2	110.82672119140625
1292734	1244207_7	3	110.73920440673828
1292734	1612729_5	4	110.47876739501953
1292734	1623637_2	5	109.91104125976562
1292734	3498349_5	6	109.22601318359375
1292734	104625_11	7	109.22601318359375
1292734	2470817_4	8	109.22601318359375
1292734	1546997_4	9	108.52278137207031
1292734	1512743_2	10	108.52278137207031
1957887	1957887_8	1	98.1861801147461
1957887	4255510_7	2	97.5002212524414
1957887	309360_2	3	97.3634033203125
1957887	689717_5	4	97.34261322021484
1957887	1957887_5	5	97.12500762939453
1957887	2424713_2	6	97.02420043945312
1957887	4298183_3	7	96.95973205566406
1957887	914370_5	8	96.65768432617188
1957887	3983931_2	9	96.52425384521484
1957887	3441916_27	10	96.43763732910156
1152934	1152934_7	1	106.73889923095703
1152934	2077504_13	2	101.27047729492188
1152934	2590387_1	3	100.58768463134766
1152934	3703482_13	4	100.3208236694336
1152934	2155903_4	5	99.4342041015625
1152934	92625_14	6	98.98249053955078
1152934	2024508_8	7	98.84257507324219
1152934	1377581_13	8	98.77066802978516
1152934	637866_10	9	98.71514892578125
1152934	2590387_21	10	98.63725280761719
225575	225575_3	1	109.80413055419922
225575	90661_6	2	105.77227020263672
225575	225575_22	3	105.7282943725586
225575	225575_0	4	104.82205963134766
225575	225575_19	5	104.32717895507812
225575	225575_21	6	104.32637023925781
225575	2849096_2	7	104.13995361328125
225575	4225209_6	8	103.94682312011719
225575	225575_12	9	103.92052459716797
225575	225575_8	10	103.6671142578125
402514	402514_4	1	101.31411743164062
402514	402514_1	2	98.99334716796875
402514	1458241_13	3	98.94204711914062
402514	786830_0	4	98.23311614990234
402514	3703048_1	5	97.86859893798828
402514	4061224_1	6	97.6656265258789
402514	4182169_21	7	97.406982421875
402514	1704536_1	8	96.9468002319336
402514	3328664_5	9	96.8940658569336
402514	1208622_2	10	96.81600189208984
1063812	2859959_9	1	113.78024291992188
1063812	3657563_2	2	113.55602264404297
1063812	2816478_6	3	113.02259826660156
1063812	4213381_7	4	110.82305908203125
1063812	306396_3	5	110.82305908203125
1063812	3704893_2	6	110.08537292480469
1063812	3704893_10	7	109.46734619140625
1063812	4126337_14	8	108.41305541992188
1063812	1305733_2	9	108.41305541992188
1063812	3322537_5	10	108.41305541992188
2864267	3287944_3	1	103.62313842773438
2864267	2966170_4	2	103.41329956054688
2864267	2864267_3	3	102.50414276123047
2864267	1019116_9	4	100.6490478515625
2864267	1384464_6	5	100.59487915039062
2864267	3080095_5	6	100.58795166015625
2864267	3084462_1	7	99.68131256103516
2864267	2231667_1	8	99.65839385986328
2864267	4382916_0	9	99.32376098632812
2864267	2355585_0	10	99.24356842041016
4250296	2741107_2	1	100.61605072021484
4250296	152265_1	2	100.32786560058594
4250296	1051398_2	3	99.27440643310547
4250296	1407515_2	4	99.23741912841797
4250296	1471613_0	5	98.51153564453125
4250296	1466934_0	6	98.22997283935547
4250296	1497356_1	7	98.17910766601562
4250296	3424110_10	8	97.83634948730469
4250296	1677367_1	9	97.7965087890625
4250296	1420339_26	10	97.59647369384766
1850323	1850323_5	1	102.9221420288086
1850323	3823488_9	2	102.290283203125
1850323	2780116_6	3	101.78792572021484
1850323	257584_5	4	101.73300170898438
1850323	257584_18	5	101.1379623413086
1850323	2458005_1	6	100.91374969482422
1850323	2601715_3	7	100.53617095947266
1850323	1000764_4	8	100.36492919921875
1850323	257584_4	9	100.08946990966797
1850323	1850323_6	10	100.0246353149414
821387	1082990_5	1	108.54854583740234
821387	4235515_8	2	103.7227554321289
821387	2226616_7	3	103.6366195678711
821387	821387_3	4	103.15205383300781
821387	2940835_4	5	103.12760162353516
821387	4042137_7	6	102.64010620117188
821387	1670782_2	7	102.64010620117188
821387	3152320_15	8	102.64010620117188
821387	3707199_3	9	102.64010620117188
821387	3993369_6	10	102.15585327148438
2142044	4312176_7	1	100.58785247802734
2142044	776235_11	2	98.2267837524414
2142044	1466730_10	3	95.78231048583984
2142044	668613_5	4	94.03571319580078
2142044	811091_0	5	93.70979309082031
2142044	2529762_6	6	93.47051239013672
2142044	2816308_4	7	93.39020538330078
2142044	2142044_0	8	93.12199401855469
2142044	3161266_25	9	92.76068878173828
2142044	2965866_22	10	92.62921905517578
851124	780772_4	1	106.78902435302734
851124	3986809_3	2	103.16869354248047
851124	3811544_10	3	102.47314453125
851124	4064766_0	4	102.47314453125
851124	567998_6	5	100.92394256591797
851124	3327151_0	6	100.92394256591797
851124	2626935_3	7	100.60648345947266
851124	851124_2	8	100.47705078125
851124	2592930_7	9	99.87841033935547
851124	851124_4	10	99.56767272949219
4283542	2220985_5	1	104.74420166015625
4283542	2774073_0	2	99.0235595703125
4283542	4283542_3	3	98.00330352783203
4283542	2769235_3	4	97.51011657714844
4283542	772859_18	5	96.15913391113281
4283542	3700969_3	6	96.04208374023438
4283542	2594568_4	7	96.01839447021484
4283542	2597382_3	8	95.9332046508789
4283542	1817570_1	9	95.71018981933594
4283542	3803422_5	10	94.630859375
3363149	2705090_6	1	101.82865142822266
3363149	3363149_4	2	101.13906860351562
3363149	3886596_6	3	100.82261657714844
3363149	2852637_4	4	100.61115264892578
3363149	1699758_5	5	100.41909790039062
3363149	3363149_5	6	100.30089569091797
3363149	3363149_0	7	99.89111328125
3363149	4145856_34	8	99.56980895996094
3363149	4235227_7	9	99.51411437988281
3363149	2350207_5	10	99.39756774902344
1017690	1017690_0	1	106.3529052734375
1017690	3014981_7	2	104.44969940185547
1017690	625773_7	3	102.4919204711914
1017690	3674920_2	4	101.13787841796875
1017690	1017690_2	5	100.99208068847656
1017690	2411373_8	6	100.35364532470703
1017690	634031_3	7	100.19608306884766
1017690	2697458_1	8	100.16603088378906
1017690	3014981_5	9	100.16603088378906
1017690	812866_1	10	99.78873443603516
2815090	2609953_22	1	103.84370422363281
2815090	2623518_2	2	99.66236114501953
2815090	559015_2	3	99.23970031738281
2815090	2623518_0	4	98.4202651977539
2815090	33752_3	5	98.08544158935547
2815090	3716252_4	6	97.96334075927734
2815090	2815090_1	7	97.87527465820312
2815090	4318787_10	8	97.47683715820312
2815090	4318787_2	9	97.45519256591797
2815090	2370312_2	10	96.82402038574219
23464	3691218_17	1	117.96589660644531
23464	983015_2	2	115.00707244873047
23464	1621157_7	3	113.68000793457031
23464	2032328_1	4	112.8202896118164
23464	2047669_1	5	112.1134262084961
23464	2698684_1	6	112.08724212646484
23464	3500408_1	7	111.28900146484375
23464	1439894_3	8	111.21554565429688
23464	2176475_3	9	111.21554565429688
23464	3500408_8	10	111.21554565429688
558570	558570_13	1	100.86127471923828
558570	3040519_1	2	100.27278137207031
558570	558570_6	3	98.13237762451172
558570	558570_11	4	97.9078598022461
558570	2074152_8	5	97.10128784179688
558570	690289_0	6	97.02477264404297
558570	3971195_2	7	96.71670532226562
558570	558570_5	8	96.66806030273438
558570	558570_2	9	96.562744140625
558570	1391529_9	10	96.05361938476562
1623623	1838330_2	1	96.88178253173828
1623623	1838330_1	2	96.77884674072266
1623623	2043756_23	3	96.08365631103516
1623623	2312578_8	4	95.8651351928711
1623623	2438459_2	5	95.81781005859375
1623623	6435_1	6	95.4898910522461
1623623	3563441_0	7	94.9239501953125
1623623	3451964_21	8	94.69279479980469
1623623	3392609_0	9	94.59854888916016
1623623	2995823_0	10	94.5301513671875
3639660	3639660_3	1	105.02404022216797
3639660	575699_1	2	101.71479034423828
3639660	2550766_5	3	101.3447265625
3639660	2550766_8	4	100.90943908691406
3639660	2550766_11	5	100.90943908691406
3639660	1477953_8	6	100.90943908691406
3639660	1470267_11	7	100.61043548583984
3639660	1568698_11	8	100.36983489990234
3639660	932187_6	9	100.08070373535156
3639660	3639660_1	10	100.03832244873047
3552010	1104891_4	1	103.35801696777344
3552010	3552010_4	2	102.9177017211914
3552010	3552010_2	3	102.79016876220703
3552010	545641_5	4	102.63099670410156
3552010	2679239_9	5	102.2134017944336
3552010	3244659_5	6	102.1923599243164
3552010	1853638_4	7	101.66707611083984
3552010	3291979_4	8	101.50251007080078
3552010	3286609_2	9	101.49373626708984
3552010	3665608_7	10	101.12823486328125
2446614	1394986_5	1	122.87330627441406
2446614	89648_7	2	122.70660400390625
2446614	3802484_5	3	122.25313568115234
2446614	2199848_8	4	118.75435638427734
2446614	415351_1	5	116.72086334228516
2446614	1599600_2	6	113.92889404296875
2446614	1259263_9	7	112.70675659179688
2446614	2655489_0	8	111.53579711914062
2446614	1900080_0	9	111.35626983642578
2446614	1826575_5	10	109.99882507324219
4467100	2225912_0	1	100.10643768310547
4467100	1906617_3	2	97.37859344482422
4467100	1162531_1	3	95.80025482177734
4467100	2225912_2	4	94.86518096923828
4467100	4270203_0	5	94.53174591064453
4467100	2994847_3	6	94.46500396728516
4467100	2998537_1	7	94.16180419921875
4467100	2994847_2	8	94.12850952148438
4467100	786605_4	9	93.9646224975586
4467100	1384788_0	10	93.82682800292969
2018562	2018562_2	1	102.11940002441406
2018562	2018562_6	2	96.2950439453125
2018562	2018562_1	3	95.68528747558594
2018562	2509689_6	4	94.53253173828125
2018562	1931891_0	5	93.90440368652344
2018562	2650620_1	6	93.54634094238281
2018562	313176_1	7	93.26427459716797
2018562	499635_2	8	93.00968170166016
2018562	1021881_10	9	92.95304107666016
2018562	639803_9	10	92.9492416381836
3971195	2077480_5	1	103.12269592285156
3971195	3818383_3	2	100.0998764038086
3971195	3703662_4	3	99.60188293457031
3971195	541095_9	4	98.34590148925781
3971195	2273795_6	5	98.07974243164062
3971195	3971195_17	6	97.06846618652344
3971195	3971195_19	7	97.03502655029297
3971195	2061424_6	8	96.06475830078125
3971195	3523258_1	9	96.01752471923828
3971195	1879765_6	10	95.18161010742188
3389038	1990217_18	1	99.52796173095703
3389038	3826465_6	2	99.38865661621094
3389038	3389038_3	3	98.3451919555664
3389038	1990217_5	4	98.2518081665039
3389038	4120781_13	5	97.94293975830078
3389038	1226875_5	6	97.73402404785156
3389038	3614937_3	7	97.6192398071289
3389038	4262057_0	8	97.5204086303711
3389038	1154000_15	9	97.4699478149414
3389038	2072335_4	10	97.27970123291016
78762	862941_1	1	95.2631607055664
78762	389774_11	2	94.12457275390625
78762	2973509_1	3	93.71711730957031
78762	309826_1	4	93.68098449707031
78762	481021_14	5	93.66305541992188
78762	844007_0	6	93.60966491699219
78762	4054708_0	7	93.1009292602539
78762	133577_5	8	93.02910614013672
78762	1223725_2	9	92.81946563720703
78762	1566940_8	10	92.74854278564453
387874	395483_6	1	111.5745620727539
387874	3583402_1	2	103.18556213378906
387874	3831346_8	3	102.66576385498047
387874	395483_9	4	102.60204315185547
387874	168257_2	5	101.59628295898438
387874	3583402_2	6	101.2024154663086
387874	3959080_6	7	101.11600494384766
387874	3583402_0	8	100.90162658691406
387874	3572180_0	9	100.67431640625
387874	387874_0	10	100.24983978271484
2838988	737802_1	1	101.15824127197266
2838988	2888292_0	2	100.56104278564453
2838988	4440324_3	3	100.34703063964844
2838988	1357216_4	4	100.3440170288086
2838988	2982796_1	5	100.13147735595703
2838988	2838988_8	6	99.92124938964844
2838988	2838988_1	7	99.87638092041016
2838988	2943171_3	8	99.26375579833984
2838988	860258_0	9	99.16454315185547
2838988	2838988_2	10	99.14095306396484
4278201	4278201_1	1	106.77973175048828
4278201	4278201_2	2	105.09436798095703
4278201	4278201_3	3	101.88410186767578
4278201	3806560_16	4	99.39746856689453
4278201	901169_3	5	99.16951751708984
4278201	3806560_6	6	98.50509643554688
4278201	1827251_0	7	98.23023986816406
4278201	3983617_0	8	98.1721420288086
4278201	4278201_0	9	98.06781005859375
4278201	901169_2	10	97.34400177001953
2722241	3294734_8	1	100.41792297363281
2722241	3486936_1	2	100.31388092041016
2722241	659602_13	3	98.1127700805664
2722241	4041496_6	4	97.30353546142578
2722241	3703923_3	5	97.26129150390625
2722241	3486980_4	6	97.24549102783203
2722241	1312132_12	7	97.21903228759766
2722241	817879_3	8	96.56230926513672
2722241	2425174_4	9	96.2939682006836
2722241	1592740_35	10	96.28263854980469
3382736	3382736_2	1	103.2921371459961
3382736	3382736_1	2	100.85433197021484
3382736	1612543_6	3	99.72076416015625
3382736	3382736_3	4	97.44754028320312
3382736	2391604_8	5	94.81661224365234
3382736	3294146_0	6	94.73674774169922
3382736	3627630_5	7	93.51246643066406
3382736	1108377_2	8	93.0394287109375
3382736	2100722_0	9	92.7025375366211
3382736	3922506_0	10	92.69278717041016
3872395	1447757_7	1	108.85796356201172
3872395	2704363_0	2	103.90029907226562
3872395	4331262_14	3	101.48223114013672
3872395	3911003_1	4	101.32241821289062
3872395	4269784_3	5	101.17326354980469
3872395	995898_0	6	100.77938079833984
3872395	3976910_10	7	100.76655578613281
3872395	3782469_1	8	100.54637145996094
3872395	1886219_12	9	100.54637145996094
3872395	4327126_1	10	100.53404998779297
2192891	3715113_8	1	105.1593017578125
2192891	2192891_6	2	103.0804443359375
2192891	2192891_1	3	102.26152801513672
2192891	3090396_2	4	101.72909545898438
2192891	2192891_10	5	101.60542297363281
2192891	2082443_0	6	101.27978515625
2192891	2053191_1	7	101.15852355957031
2192891	2192891_9	8	101.03995513916016
2192891	3650117_1	9	100.39531707763672
2192891	2901526_9	10	100.34201049804688
1880028	1880028_0	1	98.9958267211914
1880028	2266582_1	2	98.68755340576172
1880028	4145479_0	3	96.68222045898438
1880028	2546325_4	4	95.94841766357422
1880028	1880028_3	5	95.74176025390625
1880028	161281_2	6	93.54460144042969
1880028	2667823_2	7	92.9776611328125
1880028	2630143_0	8	92.68990325927734
1880028	557808_2	9	92.40528869628906
1880028	2667823_1	10	92.27550506591797
707303	2824222_1	1	102.23603057861328
707303	1948910_22	2	101.17086791992188
707303	2176089_0	3	100.82366943359375
707303	2349531_3	4	100.40895080566406
707303	1807100_18	5	100.36405944824219
707303	317089_12	6	100.29025268554688
707303	3873084_4	7	99.8951416015625
707303	3016922_10	8	99.71852111816406
707303	3288199_0	9	99.6928482055664
707303	4255510_9	10	99.60062408447266
3698636	598947_12	1	104.12892150878906
3698636	1839970_8	2	102.8856430053711
3698636	3908226_7	3	102.02342224121094
3698636	1695824_4	4	100.85314178466797
3698636	3698636_9	5	100.83984375
3698636	4170113_6	6	100.61078643798828
3698636	754739_12	7	100.36138153076172
3698636	4078801_1	8	100.36138153076172
3698636	1852661_14	9	100.36138153076172
3698636	3010674_2	10	100.36138153076172
3554263	3771522_37	1	109.34979248046875
3554263	3410306_8	2	108.85918426513672
3554263	3291979_10	3	108.33589172363281
3554263	1007783_12	4	107.60099792480469
3554263	4144269_2	5	106.70753479003906
3554263	3146069_0	6	106.60409545898438
3554263	4104706_6	7	104.32067108154297
3554263	1725826_6	8	104.21114349365234
3554263	907973_9	9	104.20706176757812
3554263	714612_3	10	104.03783416748047
1944018	1607303_13	1	105.78987121582031
1944018	1672373_5	2	105.36865234375
1944018	2550445_2	3	104.72132873535156
1944018	1773381_1	4	103.23883819580078
1944018	1944018_25	5	103.00483703613281
1944018	1944018_4	6	102.96121215820312
1944018	1944018_8	7	102.64253997802734
1944018	3920126_11	8	102.34893035888672
1944018	1517153_0	9	102.2022933959961
1944018	1944018_23	10	102.06796264648438
667488	1034818_4	1	98.9986343383789
667488	1258734_5	2	97.02703094482422
667488	573498_5	3	97.00577545166016
667488	573498_3	4	97.00577545166016
667488	573498_12	5	97.00577545166016
667488	573498_7	6	97.00577545166016
667488	573498_0	7	97.00577545166016
667488	573498_4	8	97.00577545166016
667488	1212319_5	9	96.22664642333984
667488	2477620_2	10	95.8566665649414
2713171	3981357_4	1	104.97538757324219
2713171	2415718_0	2	104.66300201416016
2713171	1922877_8	3	104.43399047851562
2713171	2975753_2	4	104.01350402832031
2713171	2805738_1	5	103.693115234375
2713171	2527287_5	6	103.693115234375
2713171	3803025_8	7	103.693115234375
2713171	3952559_0	8	103.693115234375
2713171	716946_5	9	103.693115234375
2713171	1768961_1	10	103.56002044677734
4377861	4377861_0	1	102.50115203857422
4377861	3940431_1	2	99.39232635498047
4377861	4377861_2	3	99.21416473388672
4377861	4377861_3	4	99.17933654785156
4377861	4377861_1	5	97.67019653320312
4377861	2695429_3	6	96.8364486694336
4377861	2695429_2	7	96.41673278808594
4377861	3013215_7	8	95.85016632080078
4377861	2759802_11	9	95.56864166259766
4377861	1284178_1	10	94.52574157714844
1167882	3143818_2	1	101.27821350097656
1167882	1167882_2	2	100.10399627685547
1167882	1167882_4	3	99.90753936767578
1167882	22226_6	4	99.06922912597656
1167882	1030001_21	5	98.9098892211914
1167882	1799789_0	6	98.83826446533203
1167882	52030_6	7	98.75666046142578
1167882	302504_14	8	98.63282012939453
1167882	4406624_6	9	98.50955200195312
1167882	3220175_3	10	98.36390686035156
3078448	2036360_1	1	109.19847106933594
3078448	3034964_2	2	102.78839874267578
3078448	4272717_3	3	99.82128143310547
3078448	3762258_2	4	99.62393188476562
3078448	1111449_15	5	98.64300537109375
3078448	3530116_1	6	98.28238677978516
3078448	3608455_1	7	98.25883483886719
3078448	2933699_1	8	98.23575592041016
3078448	2954056_3	9	98.11306762695312
3078448	1188438_0	10	98.04843139648438
4197214	222742_1	1	99.67074584960938
4197214	2173115_1	2	98.39627838134766
4197214	4196900_0	3	98.1063461303711
4197214	3062759_7	4	98.0601806640625
4197214	1863562_3	5	97.95680236816406
4197214	3827742_22	6	97.6461181640625
4197214	4171471_3	7	97.58565521240234
4197214	3784744_4	8	97.35497283935547
4197214	957584_11	9	97.34785461425781
4197214	884568_4	10	97.32833862304688
1968489	804624_1	1	104.79511260986328
1968489	1728246_2	2	104.72344970703125
1968489	2803492_14	3	104.147705078125
1968489	3928885_1	4	103.17513275146484
1968489	2503069_3	5	101.59900665283203
1968489	757438_1	6	101.571533203125
1968489	3819329_1	7	100.79646301269531
1968489	2803492_12	8	100.48811340332031
1968489	3351709_1	9	100.0411376953125
1968489	2029102_0	10	99.98312377929688
654124	2985770_3	1	109.88314056396484
654124	1413687_5	2	109.06179809570312
654124	329228_8	3	108.88924407958984
654124	4424647_3	4	106.65999603271484
654124	1478403_4	5	105.7620620727539
654124	3781056_2	6	104.51190185546875
654124	2183884_3	7	104.48170471191406
654124	888226_4	8	104.40435028076172
654124	24562_5	9	104.21131134033203
654124	3791594_5	10	104.14662170410156
2551845	3441916_2	1	97.1846694946289
2551845	3655919_18	2	96.34646606445312
2551845	455825_17	3	95.83224487304688
2551845	2534402_14	4	95.49779510498047
2551845	2439872_16	5	95.39118194580078
2551845	2757296_3	6	95.20172119140625
2551845	1504308_4	7	95.14143371582031
2551845	3184641_1	8	95.11182403564453
2551845	798255_3	9	95.05622100830078
2551845	3051418_1	10	94.98021697998047
1035857	1654619_9	1	103.39028930664062
1035857	1035857_15	2	102.46694946289062
1035857	255879_11	3	102.0313949584961
1035857	1035857_16	4	101.26603698730469
1035857	3560813_1	5	101.2196273803711
1035857	131584_1	6	101.0794448852539
1035857	1699074_1	7	101.02093505859375
1035857	1035857_18	8	100.8143081665039
1035857	2522067_31	9	100.79214477539062
1035857	1072327_2	10	100.7786636352539
4153592	3739403_1	1	107.27667999267578
4153592	3882995_6	2	105.00482940673828
4153592	2030149_2	3	103.91677856445312
4153592	1574943_3	4	103.91677856445312
4153592	2213996_1	5	103.36577606201172
4153592	109759_1	6	102.86419677734375
4153592	1651204_4	7	102.83406829833984
4153592	3504952_6	8	102.8110580444336
4153592	1489935_13	9	102.27339172363281
4153592	4153592_10	10	102.19939422607422
474417	474417_4	1	104.43228149414062
474417	474417_5	2	103.7377700805664
474417	474417_3	3	101.39436340332031
474417	3662519_14	4	98.21968841552734
474417	2534994_2	5	97.97062683105469
474417	2059653_2	6	97.92969512939453
474417	262566_4	7	97.18010711669922
474417	3991539_2	8	97.08818817138672
474417	3339725_10	9	96.87622833251953
474417	1477959_6	10	96.47320556640625
159716	1504554_1	1	96.51728057861328
159716	159716_1	2	96.51638793945312
159716	4204788_3	3	95.81110382080078
159716	1504554_0	4	95.76675415039062
159716	169587_0	5	95.6706771850586
159716	63483_1	6	94.91220092773438
159716	4028967_4	7	94.7128677368164
159716	3085012_9	8	94.44566345214844
159716	1581994_0	9	94.27011108398438
159716	3464927_0	10	93.817138671875
2291272	2564537_11	1	113.60970306396484
2291272	1871651_20	2	111.59829711914062
2291272	2352828_6	3	111.2672119140625
2291272	4011933_10	4	110.93229675292969
2291272	2442758_10	5	110.7002182006836
2291272	4218507_19	6	110.3566665649414
2291272	85554_4	7	109.57462310791016
2291272	1269142_25	8	109.05963897705078
2291272	2997320_13	9	108.96064758300781
2291272	2564537_6	10	108.9100112915039
456214	456214_0	1	108.37843322753906
456214	422118_2	2	106.05512237548828
456214	837150_0	3	104.12803649902344
456214	3509991_1	4	103.77070617675781
456214	1742397_0	5	103.2445297241211
456214	524807_1	6	102.89720916748047
456214	1479425_5	7	102.47642517089844
456214	4391377_5	8	102.47642517089844
456214	4430566_6	9	102.43556213378906
456214	422118_1	10	101.8664779663086
2539741	4148513_4	1	101.1611099243164
2539741	4043607_0	2	98.5728530883789
2539741	3258248_7	3	98.21741485595703
2539741	937752_2	4	98.16868591308594
2539741	4148513_1	5	98.1630630493164
2539741	3694941_2	6	98.01112365722656
2539741	158155_2	7	97.95704650878906
2539741	652392_3	8	97.68181610107422
2539741	3694941_3	9	97.4862289428711
2539741	1814439_1	10	96.98815155029297
746920	919065_1	1	107.18472290039062
746920	29421_12	2	100.24439239501953
746920	1911392_1	3	100.14899444580078
746920	1287667_3	4	99.91692352294922
746920	168586_0	5	99.53242492675781
746920	3352978_3	6	99.52224731445312
746920	3143610_0	7	99.31982421875
746920	4348289_2	8	99.19009399414062
746920	4161851_2	9	99.14945220947266
746920	2197832_1	10	99.07206726074219
949154	975675_3	1	103.86822509765625
949154	949154_12	2	103.4391860961914
949154	949154_0	3	102.86421966552734
949154	949154_16	4	101.01226806640625
949154	949154_6	5	100.91045379638672
949154	949154_10	6	100.25695037841797
949154	949154_14	7	97.57759094238281
949154	1277049_2	8	96.64839172363281
949154	2889936_1	9	96.28102111816406
949154	2392655_13	10	95.62574005126953
4473137	3409290_3	1	98.3138198852539
4473137	4242099_12	2	97.29546356201172
4473137	2135389_4	3	95.90351104736328
4473137	2398758_10	4	95.52421569824219
4473137	4143197_6	5	95.39012145996094
4473137	1977915_12	6	95.33275604248047
4473137	1713521_5	7	95.24333953857422
4473137	1971008_8	8	94.39344024658203
4473137	2549880_7	9	94.25282287597656
4473137	1201665_17	10	93.9225082397461
4406669	298001_7	1	113.2608413696289
4406669	3164414_13	2	107.2433090209961
4406669	9560_3	3	105.82024383544922
4406669	3438374_10	4	105.58443450927734
4406669	4406669_41	5	105.03372955322266
4406669	4065722_21	6	104.04459381103516
4406669	4081083_4	7	103.79151153564453
4406669	2250327_3	8	103.23074340820312
4406669	4331040_7	9	102.81031799316406
4406669	4406669_4	10	102.23490142822266
4448097	4448097_1	1	109.71612548828125
4448097	2917760_4	2	109.52318572998047
4448097	4448097_0	3	108.73883819580078
4448097	4469837_12	4	100.1301498413086
4448097	849485_9	5	99.80305480957031
4448097	2957718_0	6	99.12863159179688
4448097	3376143_2	7	98.51820373535156
4448097	4469837_4	8	97.54084014892578
4448097	2344295_2	9	97.32273864746094
4448097	3053398_2	10	97.18173217773438
676028	3685222_3	1	97.79004669189453
676028	3012068_10	2	97.495361328125
676028	3173279_34	3	97.25923919677734
676028	1851739_11	4	97.16304016113281
676028	676028_2	5	97.11654663085938
676028	3347960_0	6	96.32388305664062
676028	1996650_5	7	96.1201171875
676028	4049238_2	8	95.39481353759766
676028	542258_8	9	95.3866195678711
676028	4208673_21	10	95.3615493774414
1844896	1844896_1	1	107.21761322021484
1844896	1844896_2	2	101.7203369140625
1844896	1911835_15	3	101.24402618408203
1844896	3036101_0	4	100.34782409667969
1844896	1911835_0	5	99.39427185058594
1844896	3036101_6	6	99.29711151123047
1844896	4181216_4	7	98.64015197753906
1844896	1911835_8	8	98.46540069580078
1844896	3043032_2	9	98.1934814453125
1844896	369149_0	10	98.11660766601562
3313308	394662_10	1	106.61793518066406
3313308	182928_4	2	106.52149963378906
3313308	2049551_5	3	106.21517944335938
3313308	3203149_12	4	105.31561279296875
3313308	1447838_15	5	105.30083465576172
3313308	4304627_4	6	104.51248168945312
3313308	3277609_4	7	104.46363830566406
3313308	181119_290	8	103.9668960571289
3313308	4247398_12	9	103.67647552490234
3313308	488316_1	10	103.67335510253906
788976	2577358_6	1	106.15779876708984
788976	2577358_0	2	101.50828552246094
788976	2234366_11	3	100.84288787841797
788976	4308477_2	4	100.79769134521484
788976	3487974_5	5	100.7106704711914
788976	1372224_3	6	100.62918853759766
788976	788976_7	7	100.10195922851562
788976	3487974_4	8	99.64075469970703
788976	2207257_8	9	99.57809448242188
788976	2214297_2	10	99.54578399658203
3507491	1216649_1	1	108.6937484741211
3507491	3507491_9	2	103.41031646728516
3507491	3507491_6	3	103.16444396972656
3507491	1846078_1	4	102.73027801513672
3507491	3507491_17	5	101.60783386230469
3507491	3507491_1	6	101.51494598388672
3507491	3227940_4	7	101.48546600341797
3507491	1365300_7	8	101.24284362792969
3507491	1023008_2	9	101.00865173339844
3507491	1181322_5	10	101.00865173339844
1821193	1821193_0	1	108.37103271484375
1821193	1821193_7	2	103.78474426269531
1821193	1821193_1	3	101.16915130615234
1821193	3253013_6	4	99.48174285888672
1821193	4206657_4	5	99.03841400146484
1821193	1821193_16	6	98.8408203125
1821193	3436364_10	7	98.7734146118164
1821193	3395036_0	8	97.79488372802734
1821193	1710771_3	9	97.54885864257812
1821193	3395036_22	10	97.51470184326172
3385681	192207_3	1	100.22090148925781
3385681	1786385_0	2	99.95529174804688
3385681	3385681_17	3	99.20115661621094
3385681	461749_5	4	98.97150421142578
3385681	3385681_11	5	98.09191131591797
3385681	3385681_25	6	98.01411437988281
3385681	3425218_6	7	97.91256713867188
3385681	342943_4	8	97.546875
3385681	3870854_4	9	97.4229736328125
3385681	3385681_4	10	97.08246612548828
3295055	2344365_3	1	98.75708770751953
3295055	3446635_1	2	97.82965087890625
3295055	671355_17	3	97.53382110595703
3295055	1155733_6	4	97.11621856689453
3295055	2344365_8	5	97.09414672851562
3295055	3766794_1	6	96.98816680908203
3295055	504592_9	7	96.87237548828125
3295055	4438763_12	8	96.43228912353516
3295055	2202600_0	9	96.1419448852539
3295055	3397171_1	10	96.09657287597656
3074429	351365_5	1	106.41559600830078
3074429	2994035_5	2	106.38993072509766
3074429	1283351_12	3	106.38433074951172
3074429	3339774_1	4	106.28762817382812
3074429	2807965_6	5	105.02167510986328
3074429	1269142_24	6	105.02167510986328
3074429	1269142_7	7	104.79318237304688
3074429	2427314_7	8	104.22804260253906
3074429	3409290_5	9	103.8292236328125
3074429	3344631_8	10	103.7380142211914
1015624	1808671_4	1	114.00865936279297
1015624	2268450_7	2	104.14869689941406
1015624	3668484_1	3	103.35713195800781
1015624	2553965_0	4	102.7740478515625
1015624	3241225_0	5	102.06393432617188
1015624	2553965_2	6	102.0031509399414
1015624	2553965_1	7	101.59512329101562
1015624	4156499_2	8	100.99451446533203
1015624	489357_6	9	100.7061538696289
1015624	675600_1	10	100.4947509765625
443848	443848_1	1	99.95266723632812
443848	4070494_4	2	96.53243255615234
443848	443848_6	3	96.39419555664062
443848	3746693_1	4	96.11599731445312
443848	3904757_5	5	96.08562469482422
443848	3904757_11	6	95.37561798095703
443848	3904757_2	7	95.1064682006836
443848	1831025_3	8	94.66114807128906
443848	176473_23	9	94.58018493652344
443848	874916_0	10	94.57579040527344
3577501	3085721_4	1	113.01124572753906
3577501	3085721_7	2	105.22117614746094
3577501	157113_4	3	104.41284942626953
3577501	940641_12	4	104.26050567626953
3577501	2939305_0	5	103.20069122314453
3577501	2821595_0	6	101.3620834350586
3577501	3085721_6	7	100.90457153320312
3577501	3224407_1	8	100.67425537109375
3577501	747022_2	9	100.16539001464844
3577501	4034965_1	10	99.33301544189453
3559048	3559048_1	1	113.49848937988281
3559048	614265_6	2	106.8785171508789
3559048	3015488_1	3	104.81710052490234
3559048	3559048_6	4	104.7237548828125
3559048	2400556_3	5	104.67528533935547
3559048	3559048_10	6	103.42977905273438
3559048	3255148_2	7	103.36493682861328
3559048	3896879_12	8	103.2403335571289
3559048	3559048_11	9	102.79654693603516
3559048	3559048_9	10	102.50825500488281
2008017	1983610_15	1	108.51307678222656
2008017	855741_3	2	104.19865417480469
2008017	1983610_10	3	102.3504409790039
2008017	3452712_12	4	100.94434356689453
2008017	3729330_5	5	100.38787841796875
2008017	2198611_7	6	100.22509765625
2008017	2008017_7	7	100.18611907958984
2008017	4015240_5	8	100.03767395019531
2008017	2649139_13	9	99.59368133544922
2008017	855741_10	10	99.47618865966797
2382487	3441828_16	1	101.62430572509766
2382487	18602_11	2	101.529296875
2382487	2787822_0	3	101.13388061523438
2382487	2158837_0	4	100.45361328125
2382487	2158837_4	5	100.36719512939453
2382487	2382487_4	6	99.84727478027344
2382487	2030232_5	7	99.45076751708984
2382487	1028680_4	8	99.4413070678711
2382487	3410570_0	9	99.3604507446289
2382487	2646035_4	10	99.33656311035156
3278654	3546843_1	1	112.18805694580078
3278654	1155514_6	2	108.8809814453125
3278654	3939796_1	3	103.72567749023438
3278654	3924818_2	4	103.4647445678711
3278654	202888_0	5	102.29924774169922
3278654	3278654_8	6	101.74642944335938
3278654	1878820_6	7	101.42420959472656
3278654	1512185_2	8	100.9994125366211
3278654	1512185_0	9	100.37305450439453
3278654	2784717_5	10	100.30117797851562
481173	4314837_19	1	107.02953338623047
481173	2944286_7	2	106.29291534423828
481173	3173279_37	3	106.1152572631836
481173	2908611_4	4	105.93929290771484
481173	3173279_34	5	105.72159576416016
481173	3681491_13	6	105.0981674194336
481173	4330657_2	7	104.86183166503906
481173	612672_4	8	104.51270294189453
481173	4314837_0	9	104.3840560913086
481173	99172_26	10	103.80327606201172
3411123	3589229_12	1	98.13191223144531
3411123	3785282_1	2	97.7400894165039
3411123	2518940_1	3	96.88656616210938
3411123	2776855_1	4	96.63773345947266
3411123	3197945_18	5	96.27368927001953
3411123	2397497_13	6	96.18437194824219
3411123	177002_17	7	96.0638198852539
3411123	751_6	8	96.02388763427734
3411123	1900686_11	9	95.579345703125
3411123	2761431_8	10	95.24612426757812
761742	1582468_0	1	98.18106842041016
761742	3936843_5	2	97.26436614990234
761742	1962386_3	3	96.13865661621094
761742	808833_3	4	96.00714111328125
761742	2206836_1	5	95.93859100341797
761742	302242_0	6	95.87059783935547
761742	2691385_0	7	95.34850311279297
761742	4168960_10	8	94.7702865600586
761742	4115806_9	9	94.71778869628906
761742	1914713_7	10	94.47490692138672
3714728	2313490_6	1	111.9544906616211
3714728	3146993_2	2	110.7261962890625
3714728	350396_12	3	109.68277740478516
3714728	3130567_2	4	104.61067962646484
3714728	350396_2	5	103.07911682128906
3714728	4393642_6	6	101.77655029296875
3714728	3977461_1	7	101.67326354980469
3714728	1380127_7	8	101.55220794677734
3714728	1440784_2	9	100.90198516845703
3714728	1298280_13	10	100.78329467773438
1977054	1346898_17	1	110.38996124267578
1977054	1977054_6	2	107.02664947509766
1977054	1977054_7	3	106.69170379638672
1977054	1977054_5	4	106.56869506835938
1977054	1346898_14	5	104.75438690185547
1977054	1977054_2	6	100.70421600341797
1977054	1346898_10	7	98.16004180908203
1977054	3519889_1	8	98.06949615478516
1977054	1346898_13	9	98.06841278076172
1977054	508157_1	10	97.68511199951172
1364894	2551616_8	1	100.29866027832031
1364894	1364894_3	2	99.2507553100586
1364894	3502280_1	3	99.16688537597656
1364894	4012266_2	4	98.65126037597656
1364894	848055_14	5	98.32823181152344
1364894	2003161_2	6	98.3052749633789
1364894	565802_1	7	98.2214126586914
1364894	2646557_4	8	97.2587661743164
1364894	188871_5	9	97.11766815185547
1364894	2650108_1	10	96.76504516601562
1509982	3642062_35	1	103.38595581054688
1509982	1509982_1	2	102.66755676269531
1509982	1244207_8	3	101.85420989990234
1509982	1315813_7	4	100.79442596435547
1509982	3662519_10	5	100.53974914550781
1509982	1509982_2	6	99.81886291503906
1509982	1509982_3	7	99.33342742919922
1509982	4247398_6	8	99.16404724121094
1509982	1320423_12	9	98.46790313720703
1509982	1904871_2	10	97.89134979248047
1582877	3921841_2	1	105.3841323852539
1582877	2310615_27	2	103.53060913085938
1582877	1352828_0	3	102.38970184326172
1582877	1906363_4	4	101.78528594970703
1582877	2112535_2	5	101.65422821044922
1582877	3451762_2	6	101.5722885131836
1582877	3006425_13	7	101.52967071533203
1582877	1284885_0	8	101.46977233886719
1582877	2415494_0	9	101.3288345336914
1582877	1582877_14	10	101.13883972167969
1287437	150749_3	1	109.26805877685547
1287437	2101258_2	2	104.68115234375
1287437	4440877_3	3	103.99171447753906
1287437	1452428_0	4	103.81397247314453
1287437	1527036_1	5	103.53150939941406
1287437	3596739_2	6	102.90047454833984
1287437	843251_3	7	102.78276824951172
1287437	4430595_2	8	102.76422119140625
1287437	3674296_8	9	102.7353515625
1287437	3596739_6	10	102.69596862792969
2484180	4089762_7	1	106.88545989990234
2484180	3107835_26	2	106.48352813720703
2484180	2484180_8	3	105.71763610839844
2484180	1898649_2	4	105.50730895996094
2484180	118800_9	5	105.07849884033203
2484180	289073_8	6	104.79756927490234
2484180	2143814_3	7	104.18559265136719
2484180	4281301_24	8	103.3625259399414
2484180	3883472_4	9	103.05762481689453
2484180	1005542_3	10	103.02474975585938
2290758	1166222_2	1	121.5364990234375
2290758	2387399_12	2	120.37126159667969
2290758	2167153_0	3	119.78483581542969
2290758	1498152_5	4	119.35657501220703
2290758	1465369_15	5	119.32789611816406
2290758	3142698_4	6	118.72217559814453
2290758	2204045_12	7	118.5208740234375
2290758	1825650_6	8	118.24309539794922
2290758	2816343_3	9	117.97941589355469
2290758	2881559_7	10	117.71014404296875
4357460	746975_2	1	114.7973861694336
4357460	213510_9	2	113.22049713134766
4357460	3167037_18	3	111.2841796875
4357460	4113671_5	4	110.99372100830078
4357460	2874995_1	5	110.59716033935547
4357460	2514667_5	6	109.52755737304688
4357460	553194_8	7	107.16384887695312
4357460	3644709_1	8	106.25984954833984
4357460	1617363_4	9	105.93551635742188
4357460	213510_3	10	105.64180755615234
4385316	3440670_11	1	98.44750213623047
4385316	2965899_4	2	97.80693054199219
4385316	864801_2	3	97.52719116210938
4385316	497709_4	4	97.1541976928711
4385316	1101320_1	5	96.97430419921875
4385316	4385316_5	6	96.939453125
4385316	475108_12	7	96.84676361083984
4385316	1609036_2	8	96.13137817382812
4385316	2318465_0	9	95.93021392822266
4385316	1316226_9	10	95.7131118774414
2634143	2634143_1	1	98.17790222167969
2634143	1841876_0	2	94.109375
2634143	68860_1	3	93.56587219238281
2634143	412002_2	4	92.94367218017578
2634143	536292_0	5	92.24658203125
2634143	4446405_0	6	92.0045394897461
2634143	4176342_0	7	91.92228698730469
2634143	4098713_10	8	91.78146362304688
2634143	1199801_2	9	91.53133392333984
2634143	4166683_0	10	91.36275482177734
4185501	1277153_8	1	110.3547592163086
4185501	159241_7	2	109.3359375
4185501	1234678_3	3	106.5461196899414
4185501	2907630_9	4	106.5461196899414
4185501	2982426_4	5	106.5461196899414
4185501	1429684_6	6	106.5461196899414
4185501	4185501_0	7	106.47627258300781
4185501	1227834_5	8	106.46871948242188
4185501	1828325_5	9	105.93359375
4185501	1850068_0	10	105.28128051757812
1794677	1069164_5	1	108.1330337524414
1794677	2968906_4	2	105.30380249023438
1794677	1431349_0	3	104.738525390625
1794677	3982441_5	4	104.28874969482422
1794677	3980445_4	5	103.8740463256836
1794677	1105845_14	6	103.86463928222656
1794677	670491_3	7	103.45945739746094
1794677	1431349_1	8	103.36486053466797
1794677	1606935_3	9	103.25452423095703
1794677	2331398_6	10	102.8174819946289
100653	1266724_5	1	94.46398162841797
100653	2363722_1	2	93.76089477539062
100653	1948316_0	3	93.12750244140625
100653	2702144_0	4	93.09269714355469
100653	1260597_3	5	92.92833709716797
100653	2207059_14	6	92.5784683227539
100653	3496518_0	7	92.48925018310547
100653	3014246_2	8	92.36629486083984
100653	994401_1	9	92.3421630859375
100653	833979_1	10	92.0887222290039
1119420	3271422_0	1	105.57046508789062
1119420	2374434_10	2	104.69231414794922
1119420	1119420_2	3	102.8686752319336
1119420	3382095_0	4	102.6500244140625
1119420	2649388_3	5	101.9190444946289
1119420	4263233_1	6	101.62271881103516
1119420	1119420_0	7	101.32666015625
1119420	1103849_2	8	101.19255065917969
1119420	4177544_1	9	100.96710968017578
1119420	3298552_0	10	100.1196060180664
1082595	1082595_1	1	120.22950744628906
1082595	1823560_7	2	103.21974182128906
1082595	2785567_3	3	102.8968276977539
1082595	3807099_7	4	102.82282257080078
1082595	3813322_3	5	101.8393325805664
1082595	1082595_2	6	100.16505432128906
1082595	1006398_5	7	99.95055389404297
1082595	3038038_0	8	99.88887023925781
1082595	4443951_1	9	99.48760986328125
1082595	2848781_2	10	98.9887466430664
4372730	2290875_0	1	112.32107543945312
4372730	557673_6	2	110.73135375976562
4372730	3331152_1	3	109.81224822998047
4372730	781083_8	4	109.66816711425781
4372730	3189543_8	5	109.597412109375
4372730	1761140_12	6	109.57460021972656
4372730	3502426_17	7	109.43576049804688
4372730	450216_6	8	109.37168884277344
4372730	432247_3	9	109.23326873779297
4372730	1706915_2	10	109.15259552001953
8293	1763481_3	1	102.36454010009766
8293	3775638_12	2	101.45996856689453
8293	2400912_4	3	101.39924621582031
8293	4417_7	4	101.30419921875
8293	4026799_7	5	100.9371337890625
8293	2413861_3	6	100.92220306396484
8293	191379_12	7	100.38079833984375
8293	2353070_5	8	100.36307525634766
8293	606999_10	9	100.34522247314453
8293	45385_14	10	100.32086944580078
823384	823384_4	1	104.19139099121094
823384	380279_2	2	99.47594451904297
823384	2228540_1	3	98.07234191894531
823384	2708971_1	4	97.83724975585938
823384	290214_9	5	97.16267395019531
823384	2961565_5	6	96.76374816894531
823384	4346500_3	7	95.97640228271484
823384	3264162_9	8	95.92448425292969
823384	2228540_0	9	95.78305053710938
823384	380279_1	10	95.46257019042969
1862795	2905116_1	1	97.19017028808594
1862795	4000029_2	2	95.92086791992188
1862795	30610_3	3	95.84660339355469
1862795	1862795_0	4	95.66012573242188
1862795	1844291_12	5	95.36283111572266
1862795	1862795_1	6	95.17620849609375
1862795	4292836_8	7	94.78727722167969
1862795	1097986_3	8	94.38813018798828
1862795	2503963_8	9	93.91500091552734
1862795	3723336_2	10	93.67778015136719
2380990	3763316_3	1	119.36363983154297
2380990	4316440_10	2	114.26738739013672
2380990	4314837_19	3	113.49236297607422
2380990	1727403_9	4	113.26956176757812
2380990	3823488_2	5	112.84866333007812
2380990	3562011_10	6	112.17752075195312
2380990	2752415_5	7	111.77433776855469
2380990	3173766_4	8	111.26174926757812
2380990	4407389_10	9	111.01625061035156
2380990	3858303_10	10	110.05745697021484
4365565	1962006_6	1	105.28274536132812
4365565	2870192_12	2	105.06600952148438
4365565	3573634_2	3	104.47755432128906
4365565	2744003_5	4	104.13633728027344
4365565	3851178_8	5	103.4847412109375
4365565	2175420_6	6	103.202392578125
4365565	3449585_2	7	102.87397766113281
4365565	2794017_1	8	102.04793548583984
4365565	1069197_2	9	101.92704010009766
4365565	1553618_1	10	101.82499694824219
2814722	2814722_11	1	100.11064147949219
2814722	1599184_2	2	98.04296112060547
2814722	2246916_6	3	97.49717712402344
2814722	585122_5	4	96.78297424316406
2814722	3177863_1	5	96.06749725341797
2814722	4043_2	6	96.03463745117188
2814722	2246916_7	7	95.78411102294922
2814722	1374229_3	8	95.76891326904297
2814722	262537_6	9	95.7541275024414
2814722	4052169_21	10	95.71543884277344
4165406	4165406_3	1	103.0037612915039
4165406	3396861_10	2	97.91946411132812
4165406	2305171_3	3	96.52137756347656
4165406	4344565_2	4	96.06490325927734
4165406	3851720_2	5	95.90972900390625
4165406	2972672_1	6	94.77814483642578
4165406	646484_2	7	94.71160125732422
4165406	666238_1	8	94.63844299316406
4165406	2492587_2	9	94.50444030761719
4165406	896894_16	10	94.44915771484375
3825386	107627_2	1	99.59104919433594
3825386	2346249_0	2	98.5142822265625
3825386	3496325_4	3	98.32246398925781
3825386	3393896_6	4	97.6884994506836
3825386	4293782_2	5	97.50381469726562
3825386	284681_4	6	97.0189208984375
3825386	3904200_3	7	96.48894500732422
3825386	185172_4	8	96.37696075439453
3825386	2993376_2	9	96.36585235595703
3825386	144514_2	10	95.92788696289062
3778229	2198271_2	1	101.17886352539062
3778229	1939168_1	2	101.13146209716797
3778229	3341098_4	3	100.40093994140625
3778229	3518955_6	4	100.34579467773438
3778229	732900_9	5	100.24998474121094
3778229	2092844_0	6	99.76091766357422
3778229	3855769_5	7	99.2289810180664
3778229	1331174_13	8	98.91915130615234
3778229	3341098_6	9	98.66405487060547
3778229	2092844_1	10	98.5500259399414
1199639	3659174_1	1	110.95867156982422
1199639	882294_10	2	107.60294342041016
1199639	2304976_2	3	107.16213989257812
1199639	3505651_1	4	107.16213989257812
1199639	398001_6	5	107.03309631347656
1199639	941400_1	6	106.46908569335938
1199639	1199639_10	7	106.38134765625
1199639	3744830_1	8	106.34435272216797
1199639	3681081_3	9	106.30403900146484
1199639	398001_1	10	106.27946472167969
2797224	2797224_11	1	105.23095703125
2797224	1566331_4	2	103.30120086669922
2797224	2797224_1	3	102.16712951660156
2797224	112672_4	4	101.60880279541016
2797224	1778017_18	5	101.35709381103516
2797224	2994035_5	6	100.959228515625
2797224	4360542_11	7	100.43780517578125
2797224	2797224_15	8	100.4090576171875
2797224	1005328_15	9	100.03025817871094
2797224	4078057_0	10	99.15077209472656
3269759	3269759_5	1	109.30123138427734
3269759	3269759_1	2	108.57919311523438
3269759	3268475_0	3	105.63164520263672
3269759	3269759_6	4	103.54736328125
3269759	3269759_2	5	103.38671112060547
3269759	2557207_6	6	101.8325424194336
3269759	1508849_3	7	99.91200256347656
3269759	3269759_0	8	99.32807922363281
3269759	1366747_6	9	99.27787780761719
3269759	3499165_12	10	99.00218200683594
1340574	1340574_3	1	103.37036895751953
1340574	3821024_7	2	101.79331970214844
1340574	1340574_2	3	101.2388916015625
1340574	2040975_7	4	101.03417205810547
1340574	3163714_0	5	100.11380004882812
1340574	3859980_1	6	99.62443542480469
1340574	1426564_4	7	99.50920867919922
1340574	2036141_7	8	99.2291259765625
1340574	2980015_23	9	98.8834457397461
1340574	1284195_3	10	98.8546371459961
2956570	2956570_0	1	101.39501190185547
2956570	2956570_5	2	100.95426940917969
2956570	2956570_3	3	94.64681243896484
2956570	2784861_6	4	94.30751037597656
2956570	2956570_6	5	94.14167785644531
2956570	3011622_0	6	93.5755386352539
2956570	3653492_1	7	93.57418823242188
2956570	1834326_4	8	93.5265884399414
2956570	584687_2	9	93.29095458984375
2956570	3322758_0	10	93.10004425048828
2307305	4417_7	1	107.03722381591797
2307305	2265726_12	2	106.05300903320312
2307305	869878_9	3	105.26878356933594
2307305	2663525_1	4	104.35443878173828
2307305	2307305_9	5	104.14148712158203
2307305	3990173_0	6	103.86103057861328
2307305	2663525_6	7	103.24515533447266
2307305	3008759_6	8	102.51123046875
2307305	2181437_3	9	102.51123046875
2307305	3664235_19	10	102.1702880859375
143833	4105530_10	1	106.77425384521484
143833	143833_0	2	104.36715698242188
143833	143833_7	3	100.79266357421875
143833	2973956_7	4	100.68949127197266
143833	4107837_9	5	100.01859283447266
143833	79504_4	6	99.52729034423828
143833	2533733_22	7	99.50446319580078
143833	2710341_2	8	99.39435577392578
143833	1959664_15	9	98.96233367919922
143833	674215_4	10	98.96233367919922
2582920	2582920_11	1	116.72187805175781
2582920	2582920_10	2	116.72187805175781
2582920	2582920_6	3	112.67444610595703
2582920	2582920_1	4	111.52422332763672
2582920	2582920_18	5	111.50701904296875
2582920	2582920_12	6	111.1193618774414
2582920	2582920_23	7	110.54963684082031
2582920	2582920_2	8	109.7284927368164
2582920	2582920_8	9	109.4491195678711
2582920	2582920_3	10	108.77450561523438
551239	3540587_0	1	104.77339172363281
551239	3593337_1	2	101.37274932861328
551239	4335244_0	3	100.74087524414062
551239	2020253_0	4	100.60865783691406
551239	4254701_2	5	100.49790954589844
551239	3064288_2	6	100.15848541259766
551239	2266850_3	7	99.8780288696289
551239	351284_6	8	99.48910522460938
551239	2476280_1	9	99.42098236083984
551239	1353406_1	10	99.22116088867188
3396066	2899477_0	1	107.95989227294922
3396066	1492370_3	2	107.01836395263672
3396066	1535955_4	3	105.76549530029297
3396066	2155903_4	4	105.19694519042969
3396066	3753884_0	5	104.81011962890625
3396066	2269140_0	6	104.25028228759766
3396066	2035707_1	7	104.14153289794922
3396066	2511457_3	8	103.97071075439453
3396066	3159000_3	9	103.25398254394531
3396066	1041693_0	10	103.04853057861328
4473331	2856671_10	1	101.27706146240234
4473331	1591764_7	2	101.27706146240234
4473331	2060689_2	3	100.7261734008789
4473331	4373459_1	4	100.46556854248047
4473331	3011622_1	5	99.4942855834961
4473331	499974_59	6	98.8758773803711
4473331	3234900_4	7	98.38530731201172
4473331	181119_335	8	98.25408172607422
4473331	532418_2	9	97.67989349365234
4473331	4373459_3	10	97.04126739501953
3301173	3301173_0	1	100.04875946044922
3301173	3918272_4	2	97.35111999511719
3301173	2300405_11	3	95.36227416992188
3301173	3301173_1	4	94.54825592041016
3301173	4390586_8	5	94.20108795166016
3301173	1081128_13	6	93.4480209350586
3301173	1291218_5	7	93.3969955444336
3301173	994243_1	8	93.38128662109375
3301173	2812972_3	9	93.23409271240234
3301173	1855601_0	10	93.19033813476562
2619912	42750_13	1	102.37046813964844
2619912	3368474_0	2	101.41722869873047
2619912	42750_4	3	101.35775756835938
2619912	4065374_10	4	101.07206726074219
2619912	935057_5	5	100.92910766601562
2619912	2960345_24	6	100.72595977783203
2619912	2130743_1	7	100.52496337890625
2619912	2080318_3	8	100.0782470703125
2619912	42750_1	9	100.02979278564453
2619912	636226_24	10	99.84146118164062
1290612	1290612_3	1	105.28030395507812
1290612	2482017_4	2	100.40807342529297
1290612	654932_4	3	100.28619384765625
1290612	3404249_3	4	100.28619384765625
1290612	244761_3	5	100.28619384765625
1290612	1569258_0	6	100.09723663330078
1290612	909013_3	7	100.03302001953125
1290612	3037481_11	8	99.96409606933594
1290612	1290612_5	9	99.89918518066406
1290612	1389705_9	10	99.87382507324219
3239329	3239329_4	1	104.83454895019531
3239329	3685035_20	2	104.1837387084961
3239329	1683001_10	3	103.25823974609375
3239329	1526303_12	4	102.79029083251953
3239329	3101724_1	5	101.95381164550781
3239329	372637_7	6	101.8471450805664
3239329	238165_18	7	101.7154312133789
3239329	2973956_24	8	101.66033172607422
3239329	3577347_5	9	101.16841125488281
3239329	533610_1	10	100.7801284790039
896725	896725_4	1	101.2856216430664
896725	99035_15	2	99.0179672241211
896725	3156932_2	3	98.47271728515625
896725	745445_4	4	98.43001556396484
896725	1757398_19	5	98.01876068115234
896725	918942_2	6	98.01876068115234
896725	3352085_8	7	97.94572448730469
896725	436397_3	8	97.94572448730469
896725	4373459_8	9	97.87289428710938
896725	3537614_5	10	96.84766387939453
4012558	1033025_0	1	102.31950378417969
4012558	3995844_4	2	99.71632385253906
4012558	2656125_0	3	98.39118957519531
4012558	3095740_3	4	97.84738159179688
4012558	3095740_0	5	97.775390625
4012558	4160783_2	6	97.26366424560547
4012558	4173985_4	7	96.60176849365234
4012558	2493620_5	8	96.5318832397461
4012558	1820834_2	9	96.5318832397461
4012558	2977539_0	10	96.49781036376953
849221	2059533_10	1	105.17478942871094
849221	852628_1	2	104.96307373046875
849221	852628_6	3	102.95592498779297
849221	3674432_11	4	101.67061614990234
849221	1516958_3	5	101.50028991699219
849221	3561570_0	6	101.08793640136719
849221	2427814_20	7	100.79125213623047
849221	3104017_8	8	100.6051254272461
849221	48960_22	9	100.60430145263672
849221	852628_8	10	100.48222351074219
421753	1757398_19	1	106.6220474243164
421753	918942_2	2	106.6220474243164
421753	99035_15	3	106.19647216796875
421753	436397_3	4	106.15531921386719
421753	3352085_8	5	106.15531921386719
421753	421753_7	6	105.02313995361328
421753	4235515_8	7	104.44259643554688
421753	2940835_4	8	103.89834594726562
421753	745445_4	9	103.49838256835938
421753	4373459_8	10	103.38151550292969
484496	2157596_5	1	104.48905181884766
484496	484496_5	2	102.34812927246094
484496	2032241_6	3	102.2104721069336
484496	1748776_0	4	101.88070678710938
484496	3917891_16	5	101.75360870361328
484496	3917891_17	6	101.22593688964844
484496	3472762_2	7	101.1004638671875
484496	3917891_27	8	101.06560516357422
484496	2875090_3	9	100.81913757324219
484496	557673_13	10	100.65543365478516
354733	3109915_2	1	100.68980407714844
354733	3341732_6	2	100.09308624267578
354733	3287776_1	3	99.81748962402344
354733	2071295_6	4	99.02183532714844
354733	319131_12	5	98.55806732177734
354733	2938801_4	6	97.74266052246094
354733	907439_16	7	97.32875061035156
354733	4089116_8	8	96.80720520019531
354733	354733_0	9	95.65738677978516
354733	319585_2	10	95.62138366699219
3040435	3040435_7	1	97.73042297363281
3040435	3040435_2	2	96.62552642822266
3040435	3040435_1	3	95.39485931396484
3040435	960582_5	4	95.18614959716797
3040435	1377978_2	5	95.11595153808594
3040435	3040435_0	6	94.98475646972656
3040435	4193559_12	7	94.23412322998047
3040435	4413968_9	8	94.02427673339844
3040435	657762_0	9	93.95637512207031
3040435	2661047_0	10	93.8960952758789
2418598	4010133_1	1	107.05882263183594
2418598	3552760_5	2	104.38803100585938
2418598	366826_13	3	103.34133911132812
2418598	366826_12	4	102.87162017822266
2418598	1760724_2	5	102.10770416259766
2418598	1410217_3	6	102.10305786132812
2418598	839327_16	7	101.60234069824219
2418598	1045660_0	8	101.40640258789062
2418598	366826_1	9	101.22380065917969
2418598	366826_6	10	101.22380065917969
2443586	788265_8	1	118.96662902832031
2443586	2905727_0	2	110.24798583984375
2443586	3959705_1	3	107.42745971679688
2443586	2788204_6	4	105.56526947021484
2443586	3816155_11	5	104.11751556396484
2443586	2443586_18	6	103.90293884277344
2443586	3467029_14	7	103.57913208007812
2443586	1868378_8	8	102.6669921875
2443586	1323025_0	9	101.96205139160156
2443586	2443586_0	10	100.71856689453125
3640705	3972846_4	1	104.22061920166016
3640705	57257_1	2	104.18614196777344
3640705	3640705_4	3	102.01134490966797
3640705	3972846_7	4	100.0406265258789
3640705	3640705_13	5	99.99536895751953
3640705	3439245_2	6	99.27558135986328
3640705	2434087_6	7	99.16339874267578
3640705	2781368_4	8	98.10560607910156
3640705	3106463_9	9	98.08182525634766
3640705	2103619_4	10	98.05941009521484
2785579	2062822_2	1	100.32469177246094
2785579	702572_0	2	100.04476165771484
2785579	1067083_1	3	98.43846893310547
2785579	533610_1	4	98.43034362792969
2785579	75911_10	5	97.85559844970703
2785579	2541562_0	6	97.8226089477539
2785579	2955615_1	7	97.32034301757812
2785579	3850559_17	8	96.88727569580078
2785579	1780498_10	9	96.88280487060547
2785579	4354146_3	10	96.39188385009766
765138	836460_14	1	111.14554595947266
765138	3865886_10	2	109.44857025146484
765138	578911_7	3	109.00027465820312
765138	4106567_3	4	109.00027465820312
765138	2151053_6	5	106.77014923095703
765138	3486003_8	6	106.0321044921875
765138	971984_1	7	106.00426483154297
765138	3173279_29	8	105.646728515625
765138	3973058_2	9	105.40180969238281
765138	3981096_3	10	104.74053955078125
3723508	2032896_1	1	107.74388122558594
3723508	2915686_3	2	106.71492004394531
3723508	3723508_1	3	106.35433959960938
3723508	137277_0	4	106.03314208984375
3723508	2915686_0	5	105.90815734863281
3723508	2915686_2	6	105.21590423583984
3723508	1006553_0	7	103.09321594238281
3723508	2032896_0	8	102.38644409179688
3723508	3723508_2	9	101.68350219726562
3723508	1747093_0	10	100.21607208251953
1971899	1971899_6	1	118.04003143310547
1971899	2616131_3	2	112.9468765258789
1971899	369000_0	3	109.7554702758789
1971899	3913653_3	4	109.7554702758789
1971899	2084509_8	5	109.7554702758789
1971899	3724687_0	6	109.7554702758789
1971899	3393649_7	7	106.64622497558594
1971899	2515545_5	8	106.51466369628906
1971899	3117711_0	9	106.32725524902344
1971899	4160959_3	10	105.2745361328125
