301	FBIS4-38364	1	103.68569946289062
301	FBIS3-24143	2	101.79246520996094
301	FBIS4-45477	3	101.60939025878906
301	FBIS3-54944	4	101.4659194946289
301	FBIS4-22471	5	101.41249084472656
301	FBIS4-63999	6	101.26023864746094
301	FT943-16238	7	101.18350982666016
301	FT944-8297	8	100.83563232421875
301	FBIS3-21961	9	100.74512481689453
301	FT934-4602	10	100.23147583007812
309	LA040990-0028	1	99.61795043945312
309	LA041689-0082	2	99.57504272460938
309	LA041890-0155	3	97.99072265625
309	LA040790-0096	4	97.94383239746094
309	FT923-5998	5	97.75856018066406
309	LA070690-0085	6	97.73733520507812
309	LA070890-0038	7	97.72299194335938
309	LA081589-0061	8	97.69029235839844
309	LA032489-0179	9	97.13741302490234
309	FT924-3206	10	96.91448974609375
317	LA073190-0082	1	101.16572570800781
317	LA051789-0061	2	99.34535217285156
317	LA052489-0152	3	98.25791931152344
317	FT942-5238	4	97.53004455566406
317	LA071590-0170	5	96.8330078125
317	FR940516-1-00131	6	96.7564697265625
317	FT924-1041	7	96.59639739990234
317	FR940222-1-00005	8	96.10309600830078
317	FT944-12081	9	96.01554107666016
317	FT943-6505	10	95.87940216064453
325	LA082390-0253	1	95.44926452636719
325	FT944-17948	2	95.26435852050781
325	LA050890-0033	3	95.1941146850586
325	FT932-4942	4	94.72835540771484
325	FT934-7177	5	94.58316802978516
325	LA052189-0196	6	94.50527954101562
325	FT944-14422	7	94.22920227050781
325	FT932-14560	8	93.92399597167969
325	LA083189-0064	9	93.65669250488281
325	LA011890-0016	10	93.33039855957031
333	FT924-5307	1	100.46387481689453
333	FT942-8985	2	97.57337951660156
333	FT942-6645	3	97.28264617919922
333	FBIS4-23025	4	96.33415985107422
333	FT944-10375	5	96.17366790771484
333	FT944-3523	6	96.04716491699219
333	FBIS4-23024	7	95.7743911743164
333	FR940202-2-00133	8	95.50361633300781
333	FR940202-2-00101	9	95.01730346679688
333	FBIS4-23028	10	94.98478698730469
341	FR941206-1-00143	1	101.77244567871094
341	LA100189-0090	2	101.5592041015625
341	LA041890-0141	3	101.28765869140625
341	LA021790-0109	4	101.2855453491211
341	LA100589-0098	5	100.66387939453125
341	FBIS3-60767	6	100.58988189697266
341	LA021489-0071	7	100.41840362548828
341	FR941206-1-00140	8	100.24871826171875
341	LA092689-0003	9	99.9336166381836
341	FT933-6584	10	99.89140319824219
349	LA080890-0068	1	93.59752655029297
349	LA032990-0031	2	91.92573547363281
349	FR941107-2-00101	3	91.69010925292969
349	FBIS4-47566	4	91.188232421875
349	FBIS3-42994	5	90.92677307128906
349	FBIS3-43032	6	90.92677307128906
349	FBIS4-22895	7	90.55805206298828
349	FBIS4-47573	8	90.33709716796875
349	FR940405-1-00081	9	90.27716827392578
349	LA072889-0041	10	90.21878814697266
357	FBIS3-36488	1	100.21929931640625
357	FT943-2295	2	98.86343383789062
357	FBIS3-16231	3	98.34146881103516
357	FBIS4-65392	4	98.13951873779297
357	FBIS4-43073	5	97.5973892211914
357	FT941-1772	6	96.5284423828125
357	FBIS3-57480	7	96.39810180664062
357	FT921-4462	8	96.33097076416016
357	FBIS4-45019	9	96.32954406738281
357	FT944-9398	10	96.27227020263672
365	LA123090-0031	1	101.48722076416016
365	LA021690-0167	2	100.49595642089844
365	FT921-10204	3	100.25973510742188
365	FT923-14358	4	99.75334930419922
365	FT922-9051	5	97.32522583007812
365	LA112790-0036	6	95.86493682861328
365	FBIS3-33215	7	95.84021759033203
365	FR940926-2-00036	8	95.51109313964844
365	FT922-14235	9	95.26437377929688
365	FT932-14766	10	95.21931457519531
373	FT943-5307	1	97.94462585449219
373	FR940111-2-00010	2	97.76653289794922
373	FT943-5733	3	97.13177490234375
373	FR940516-0-00057	4	96.99906921386719
373	FBIS3-41961	5	96.82835388183594
373	LA092390-0169	6	96.59575653076172
373	FT941-9647	7	96.5713882446289
373	LA092189-0227	8	96.55949401855469
373	FT942-4659	9	96.52924346923828
373	FR940516-0-00058	10	96.48121643066406
381	FR941122-2-00061	1	96.28523254394531
381	FT943-11161	2	94.52345275878906
381	LA082690-0003	3	94.02366638183594
381	LA021890-0038	4	93.99234008789062
381	LA042489-0065	5	93.85856628417969
381	FR940819-2-00077	6	93.77903747558594
381	FT943-10045	7	93.38007354736328
381	LA122790-0224	8	93.26649475097656
381	FR941026-2-00019	9	93.20415496826172
381	LA111090-0106	10	93.17974853515625
389	FBIS4-29650	1	97.38523864746094
389	FT933-11258	2	97.12461853027344
389	FT922-2709	3	96.85033416748047
389	FT933-15982	4	96.41024780273438
389	LA061690-0015	5	96.03602600097656
389	LA051389-0053	6	95.93741607666016
389	FT944-4468	7	95.45298767089844
389	FT943-10570	8	95.2787094116211
389	FBIS4-50758	9	95.24185180664062
389	FT933-7146	10	95.2101821899414
397	LA121989-0061	1	103.56156921386719
397	LA020190-0022	2	103.47883605957031
397	LA072390-0100	3	102.93986511230469
397	FT932-15789	4	102.43630981445312
397	FT924-3063	5	102.35272216796875
397	LA052890-0061	6	101.62438201904297
397	LA021390-0016	7	101.49832153320312
397	FT944-9927	8	101.29331970214844
397	FT944-9926	9	101.16583251953125
397	LA031489-0124	10	100.95210266113281
405	FT922-11472	1	98.4815902709961
405	FBIS3-42549	2	97.11837005615234
405	FT941-17652	3	96.144287109375
405	FT942-5468	4	95.94147491455078
405	FT922-11525	5	95.34537506103516
405	FT924-286	6	95.25473022460938
405	LA062389-0120	7	94.43632507324219
405	FBIS3-42550	8	94.24476623535156
405	FT921-830	9	93.98626708984375
405	FBIS3-42517	10	93.90420532226562
413	LA011789-0094	1	105.70111083984375
413	FT931-10999	2	104.28291320800781
413	FT921-10554	3	104.08988952636719
413	FT931-10994	4	104.04353332519531
413	FBIS3-44652	5	103.83536529541016
413	FT931-14986	6	103.6772689819336
413	FT922-5927	7	103.64561462402344
413	FT931-14971	8	103.41658020019531
413	FT941-17373	9	103.30921936035156
413	FBIS3-44556	10	103.2201919555664
421	FT933-4383	1	102.7116928100586
421	FT934-17267	2	101.61295318603516
421	FR941013-1-00065	3	101.29107666015625
421	LA031289-0073	4	100.88314819335938
421	FT942-8961	5	100.73326873779297
421	FR940413-2-00037	6	100.67585754394531
421	LA042990-0124	7	100.5406723022461
421	FT942-13005	8	100.27405548095703
421	LA093090-0238	9	100.22882843017578
421	FR940511-1-00081	10	100.19325256347656
429	LA010590-0062	1	102.43555450439453
429	FR940202-2-00119	2	100.43758392333984
429	FR940202-2-00109	3	99.77959442138672
429	LA052190-0047	4	99.74244689941406
429	FR940202-2-00140	5	99.52626037597656
429	FR940920-2-00083	6	99.37063598632812
429	FR940202-2-00108	7	99.18409729003906
429	FT932-10547	8	98.86641693115234
429	LA110389-0072	9	98.3580322265625
429	FR940202-2-00139	10	98.16850280761719
437	FT944-9419	1	101.32182312011719
437	FBIS4-29956	2	99.69469451904297
437	FT924-4495	3	99.489990234375
437	FBIS3-46630	4	99.14970397949219
437	FT942-10006	5	99.1004409790039
437	FT942-2267	6	99.07247161865234
437	FT943-15033	7	98.91880798339844
437	FT943-4804	8	98.41238403320312
437	FT944-17442	9	98.31578063964844
437	FT943-9462	10	97.81587219238281
445	LA110789-0149	1	102.73310852050781
445	FT934-13060	2	102.53620910644531
445	LA121790-0116	3	102.390625
445	FT933-9689	4	102.01626586914062
445	FT934-11863	5	101.68740844726562
445	FT921-11847	6	101.58519744873047
445	FT921-11857	7	101.58180236816406
445	FT921-11838	8	101.47917938232422
445	FT924-8156	9	101.3919677734375
445	LA021589-0127	10	101.14315032958984
603	FT944-3389	1	106.90711975097656
603	FT941-1443	2	105.1793212890625
603	FT943-8137	3	105.04405212402344
603	FT924-9307	4	104.92083740234375
603	FT944-6684	5	103.57957458496094
603	FT944-3264	6	103.09246826171875
603	FT932-1638	7	102.8622055053711
603	FT944-3095	8	102.53328704833984
603	FT942-7072	9	102.05059814453125
603	FT922-991	10	101.99153137207031
611	FT932-873	1	106.54031372070312
611	FT943-16653	2	105.91525268554688
611	FBIS4-21111	3	105.5812759399414
611	FBIS3-19896	4	105.22496032714844
611	FBIS3-19808	5	105.2054443359375
611	FT934-5796	6	105.06511688232422
611	FBIS3-19768	7	104.87744903564453
611	FBIS4-46313	8	104.7829360961914
611	FBIS3-20083	9	104.56136322021484
611	FT941-2364	10	104.40264892578125
619	LA021389-0032	1	105.57809448242188
619	FT932-5616	2	105.24053955078125
619	LA022789-0050	3	105.04224395751953
619	LA102690-0200	4	104.77998352050781
619	FBIS4-23709	5	104.71177673339844
619	FBIS4-480	6	104.0867919921875
619	FBIS4-23867	7	103.88760375976562
619	LA051490-0058	8	103.88182067871094
619	FT911-127	9	103.80883026123047
619	FBIS3-43832	10	103.10482025146484
627	FT941-4641	1	104.9675521850586
627	FT921-16376	2	103.24207305908203
627	FBIS4-68834	3	102.531494140625
627	FBIS3-17070	4	102.14329528808594
627	FBIS3-24432	5	102.12612915039062
627	FBIS4-47413	6	102.0011215209961
627	FT932-12314	7	101.48776245117188
627	FT921-10747	8	101.47675323486328
627	FBIS3-17198	9	101.31258392333984
627	FBIS4-61450	10	101.28558349609375
635	LA061690-0005	1	103.9912338256836
635	LA061690-0004	2	101.6451644897461
635	LA061690-0003	3	101.1723403930664
635	LA061690-0007	4	100.91934204101562
635	LA121490-0059	5	100.4416275024414
635	LA060690-0053	6	99.36293029785156
635	LA010990-0051	7	98.78015899658203
635	LA121590-0063	8	98.76493835449219
635	LA061090-0035	9	98.50259399414062
635	LA011090-0118	10	98.43417358398438
643	FR940527-2-00131	1	100.96359252929688
643	FR940617-0-00109	2	100.44497680664062
643	FR941220-2-00031	3	100.01091766357422
643	FR940429-2-00022	4	99.9531021118164
643	FT943-6186	5	99.66014099121094
643	FR940527-2-00133	6	99.20046997070312
643	FT942-17447	7	98.93221282958984
643	FR940104-0-00042	8	98.8570785522461
643	FR941011-2-00027	9	98.6987075805664
643	FR940907-2-00004	10	98.45098114013672
651	LA083190-0047	1	96.98832702636719
651	LA030690-0066	2	96.92407989501953
651	LA102790-0002	3	96.40550231933594
651	LA100690-0041	4	96.13291931152344
651	LA101289-0182	5	95.91900634765625
651	LA101289-0113	6	95.91900634765625
651	LA010389-0019	7	95.49497985839844
651	LA032190-0103	8	95.4215087890625
651	LA082890-0052	9	95.3813247680664
651	FT921-5758	10	95.36061096191406
659	LA120290-0076	1	98.97905731201172
659	LA112590-0021	2	98.38426208496094
659	LA090990-0124	3	98.29351043701172
659	LA102289-0076	4	98.07331085205078
659	LA022689-0155	5	97.24452209472656
659	LA020490-0186	6	96.36508178710938
659	FT943-8674	7	96.29197692871094
659	FT944-742	8	96.22482299804688
659	FR940128-2-00109	9	96.21461486816406
659	LA052189-0138	10	96.21221923828125
667	LA021590-0217	1	101.04745483398438
667	LA102089-0152	2	98.62569427490234
667	FR940214-0-00059	3	98.4492416381836
667	LA060689-0074	4	98.02510833740234
667	LA032990-0077	5	95.92838287353516
667	FT923-3015	6	95.81141662597656
667	FT924-4337	7	95.4466781616211
667	FT922-463	8	94.87130737304688
667	FT942-3337	9	94.79805755615234
667	LA031890-0149	10	94.59748840332031
675	FT923-11036	1	98.26412963867188
675	LA081290-0189	2	98.00846099853516
675	LA021590-0106	3	97.68302917480469
675	LA011890-0063	4	97.6175537109375
675	LA061589-0152	5	97.57630920410156
675	LA091490-0101	6	96.99505615234375
675	LA121189-0120	7	96.92723083496094
675	LA021990-0069	8	96.64625549316406
675	FT923-10447	9	96.56423950195312
675	LA081090-0150	10	96.51617431640625
683	FT924-15887	1	104.87824249267578
683	FT931-1645	2	104.63536834716797
683	FT922-1498	3	104.56196594238281
683	FT941-6470	4	103.85896301269531
683	FT922-1409	5	103.50550842285156
683	FT924-6042	6	103.4947509765625
683	FBIS3-30472	7	102.99930572509766
683	FT922-3924	8	102.90369415283203
683	FT923-5753	9	102.76844787597656
683	FT922-3750	10	102.56282043457031
691	FT922-4550	1	101.556640625
691	FBIS3-22240	2	101.37538146972656
691	FT922-4389	3	101.08733367919922
691	LA052189-0043	4	99.43714904785156
691	LA082190-0004	5	98.67610931396484
691	LA051489-0127	6	98.64938354492188
691	LA121089-0033	7	98.6111068725586
691	LA113089-0136	8	98.02064514160156
691	LA062289-0111	9	97.71564483642578
691	FT943-1301	10	97.65433502197266
699	LA123189-0186	1	103.32339477539062
699	LA102790-0160	2	102.6038589477539
699	LA080989-0019	3	102.47958374023438
699	LA101090-0014	4	102.1362075805664
699	LA110290-0038	5	102.04049682617188
699	LA123189-0190	6	101.93602752685547
699	LA111390-0016	7	101.50552368164062
699	LA091890-0018	8	100.9333724975586
699	LA102790-0127	9	100.50579833984375
699	LA102190-0045	10	100.48652648925781
302	LA043090-0036	1	99.66707611083984
302	FBIS3-22702	2	97.9838638305664
302	LA031489-0032	3	97.29762268066406
302	FBIS3-60403	4	97.10710906982422
302	FBIS3-60404	5	96.3529052734375
302	FBIS4-67701	6	96.24493408203125
302	LA071590-0110	7	95.74099731445312
302	FR940126-2-00107	8	95.54519653320312
302	FR940126-2-00106	9	95.5085220336914
302	LA082490-0065	10	95.15727233886719
310	FT942-4556	1	99.60333251953125
310	FR940906-0-00008	2	96.8851547241211
310	FT922-15435	3	96.06166076660156
310	LA050889-0051	4	95.66561889648438
310	LA091089-0202	5	95.52045440673828
310	FT921-6318	6	94.42085266113281
310	FR941125-1-00012	7	94.08905029296875
310	LA122490-0040	8	93.83055114746094
310	FT944-2570	9	93.80909729003906
310	FT931-11958	10	93.70880126953125
318	LA111389-0064	1	97.79254150390625
318	FT923-8882	2	96.79762268066406
318	FT923-9999	3	96.45073699951172
318	FT932-3437	4	96.36571502685547
318	FT942-8577	5	96.19560241699219
318	FT921-6383	6	96.08470153808594
318	FT942-16272	7	95.96831512451172
318	FT941-12478	8	95.80204772949219
318	FT944-1656	9	95.75653839111328
318	FT922-13404	10	95.74490356445312
326	FT943-543	1	102.12251281738281
326	FT943-178	2	101.25285339355469
326	FT944-15661	3	101.21723937988281
326	FT944-15057	4	100.761474609375
326	LA032790-0151	5	100.62488555908203
326	FT943-3240	6	100.57352447509766
326	FT944-5773	7	100.16099548339844
326	LA092089-0105	8	100.03134155273438
326	FT923-12409	9	99.91141510009766
326	FT944-18875	10	99.78752899169922
334	FT921-4688	1	98.017578125
334	FBIS4-42764	2	97.9422836303711
334	FBIS4-68220	3	97.61138916015625
334	FBIS4-68219	4	97.2724380493164
334	FBIS3-41961	5	97.09137725830078
334	FR940930-0-00033	6	96.99546813964844
334	FT934-14531	7	96.86388397216797
334	FR940930-0-00030	8	96.6864013671875
334	FBIS3-7295	9	96.31956481933594
334	FBIS3-41993	10	96.14010620117188
342	FT942-5987	1	103.21540069580078
342	FBIS3-1705	2	102.4698715209961
342	FBIS3-1704	3	102.0701904296875
342	LA092290-0075	4	101.13697052001953
342	FBIS3-46166	5	101.01841735839844
342	FBIS4-18218	6	101.01034545898438
342	FBIS4-42060	7	100.62456512451172
342	FBIS4-60496	8	100.52928161621094
342	FT921-962	9	100.52227783203125
342	LA030889-0151	10	100.51460266113281
350	LA052290-0188	1	96.5739517211914
350	FT943-8342	2	96.55404663085938
350	LA100690-0107	3	95.91455841064453
350	LA120590-0156	4	95.103515625
350	FT921-12904	5	95.04257202148438
350	LA062289-0103	6	94.59119415283203
350	LA030889-0016	7	94.17687225341797
350	LA062289-0031	8	94.05755615234375
350	LA080889-0065	9	93.93579864501953
350	FT932-3560	10	93.70479583740234
358	LA020690-0100	1	101.40489959716797
358	LA081189-0092	2	101.36222839355469
358	LA121890-0152	3	98.74019622802734
358	LA040789-0022	4	98.60696411132812
358	LA011290-0079	5	98.21815490722656
358	LA091390-0260	6	97.93153381347656
358	LA042090-0099	7	97.83097839355469
358	LA040689-0027	8	97.78701782226562
358	LA122789-0131	9	97.58045959472656
358	LA070389-0032	10	97.26448822021484
366	FR940919-0-00073	1	100.09050750732422
366	FR940919-0-00074	2	95.9783706665039
366	FR940208-0-00019	3	95.90338897705078
366	FT942-2461	4	95.8464584350586
366	LA010489-0024	5	95.55082702636719
366	FR940318-0-00199	6	95.42555236816406
366	LA041889-0026	7	95.4184799194336
366	LA070189-0037	8	95.1480941772461
366	FR940907-0-00018	9	95.11203002929688
366	FT911-749	10	95.0893783569336
374	FT944-16300	1	104.3740234375
374	FT924-14045	2	104.07144165039062
374	LA101790-0153	3	103.72860717773438
374	FT944-16075	4	103.20074462890625
374	FT921-1412	5	102.99432373046875
374	LA101389-0049	6	102.81446838378906
374	FT944-16013	7	102.66497039794922
374	LA032289-0060	8	102.4703598022461
374	LA101289-0221	9	102.41655731201172
374	FT944-17053	10	102.27395629882812
382	FBIS4-44852	1	103.17082977294922
382	FT923-14293	2	102.97261047363281
382	FBIS4-44698	3	100.81937408447266
382	FT944-18127	4	99.89019012451172
382	FT942-15763	5	99.61193084716797
382	FBIS4-44635	6	98.96172332763672
382	FBIS4-44701	7	98.42596435546875
382	FBIS3-59723	8	98.11712646484375
382	FR940803-0-00131	9	97.71550750732422
382	FR940921-0-00156	10	97.51177215576172
390	LA111090-0112	1	104.15332794189453
390	FT941-10753	2	102.16433715820312
390	LA041289-0054	3	97.53215789794922
390	FR940830-2-00058	4	97.03084564208984
390	LA062690-0105	5	96.84884643554688
390	LA080690-0116	6	96.56546783447266
390	FT922-289	7	96.17169952392578
390	LA122290-0138	8	95.04388427734375
390	LA031089-0161	9	94.99036407470703
390	LA020890-0162	10	94.42897033691406
398	FT921-11550	1	104.87211608886719
398	FT923-9588	2	101.04335021972656
398	FT933-13793	3	100.58906555175781
398	FT921-11793	4	100.50682067871094
398	FBIS3-40988	5	100.34004974365234
398	FBIS3-59919	6	99.99557495117188
398	FT934-1218	7	99.9197998046875
398	FBIS4-15669	8	99.85443878173828
398	FBIS3-56691	9	99.594970703125
398	FBIS3-16434	10	99.43804931640625
406	LA121189-0042	1	104.14994812011719
406	LA051790-0095	2	100.65628051757812
406	LA111589-0149	3	100.57177734375
406	FT922-4560	4	100.31109619140625
406	LA080489-0045	5	98.45884704589844
406	FBIS3-2148	6	97.85618591308594
406	LA111689-0161	7	97.75225830078125
406	LA091990-0010	8	97.1920394897461
406	FT944-11403	9	96.65697479248047
406	FT933-9591	10	96.5998764038086
414	FT932-13478	1	104.97814178466797
414	FT944-12369	2	104.6494140625
414	FT934-5978	3	104.56316375732422
414	FT944-12884	4	104.03362274169922
414	FT942-16668	5	103.698486328125
414	FBIS3-17768	6	103.49269104003906
414	LA040590-0222	7	103.36039733886719
414	FBIS3-36211	8	103.1841049194336
414	LA061890-0107	9	103.15532684326172
414	FT943-8373	10	103.12732696533203
422	FT934-9676	1	101.98504638671875
422	LA021390-0148	2	101.22136688232422
422	LA110789-0019	3	101.21827697753906
422	LA091390-0023	4	101.1369400024414
422	LA062990-0029	5	99.93218994140625
422	LA032190-0154	6	99.91694641113281
422	FT921-12679	7	99.7864761352539
422	LA092890-0107	8	99.38390350341797
422	FT932-15804	9	99.1722412109375
422	FT911-1291	10	98.97944641113281
430	FT911-3300	1	101.85823822021484
430	LA073089-0143	2	101.2356948852539
430	LA031389-0095	3	100.7165756225586
430	FT911-4886	4	99.3219223022461
430	LA060989-0167	5	99.299072265625
430	LA060890-0001	6	98.6316146850586
430	LA060190-0066	7	98.38424682617188
430	LA051589-0090	8	98.0384521484375
430	LA051089-0024	9	97.63561248779297
430	LA061689-0067	10	97.19609832763672
438	FT942-10654	1	102.47531127929688
438	FT941-17371	2	101.11932373046875
438	FT941-17376	3	101.0189208984375
438	FT924-2517	4	99.72738647460938
438	FT944-13218	5	99.72116088867188
438	FT932-5570	6	99.20718383789062
438	FT924-2554	7	99.08998107910156
438	FT942-7298	8	98.93054962158203
438	FT932-2961	9	98.91445922851562
438	FT923-5044	10	98.82210540771484
446	FT924-12197	1	98.69049072265625
446	LA060590-0097	2	98.5826644897461
446	LA123189-0117	3	98.39168548583984
446	FT932-13562	4	98.03569030761719
446	FT931-887	5	97.9857406616211
446	FT934-12416	6	97.74217987060547
446	FT934-12157	7	97.67658233642578
446	FT941-5407	8	97.6266098022461
446	LA052290-0102	9	97.49748229980469
446	LA092289-0068	10	97.24407958984375
604	LA073090-0058	1	106.33183288574219
604	LA112690-0027	2	99.531982421875
604	LA092690-0153	3	97.14151000976562
604	LA111590-0227	4	96.57137298583984
604	FT933-11998	5	95.531982421875
604	LA051189-0020	6	95.31050109863281
604	LA081989-0064	7	95.14729309082031
604	FT941-11881	8	94.81427764892578
604	LA092090-0248	9	94.02578735351562
604	LA071989-0117	10	94.01321411132812
612	LA010189-0096	1	105.87248229980469
612	LA030689-0004	2	104.97050476074219
612	FBIS3-3453	3	104.73847198486328
612	FT932-5662	4	104.47908782958984
612	FBIS3-3122	5	104.1620864868164
612	FBIS4-24470	6	104.09058380126953
612	LA030989-0104	7	104.0523452758789
612	FT944-610	8	103.91860961914062
612	FT932-11533	9	103.73746490478516
612	FT941-4753	10	103.49234008789062
620	FBIS4-66927	1	106.8675308227539
620	FBIS3-60732	2	106.8039779663086
620	FBIS4-46045	3	106.68538665771484
620	FT924-9792	4	106.60415649414062
620	FBIS3-22883	5	106.24036407470703
620	FBIS3-60731	6	106.10888671875
620	FBIS3-60319	7	106.08407592773438
620	FT933-16314	8	105.98298645019531
620	FBIS4-65987	9	105.95612335205078
620	FBIS4-46044	10	105.86148071289062
628	LA123189-0114	1	107.2353515625
628	LA122289-0030	2	107.22781372070312
628	LA122589-0054	3	107.12828063964844
628	LA120290-0104	4	106.48799896240234
628	LA010390-0024	5	106.2320785522461
628	LA122189-0133	6	105.98621368408203
628	LA123089-0013	7	104.9077377319336
628	LA122389-0065	8	104.73172760009766
628	LA010990-0083	9	104.70454406738281
628	LA122189-0132	10	104.61732482910156
636	LA052889-0205	1	97.59590148925781
636	LA060489-0153	2	97.52655029296875
636	LA021789-0063	3	97.14856719970703
636	LA082989-0102	4	96.71966552734375
636	FT932-1091	5	96.25410461425781
636	FR940727-0-00085	6	96.06614685058594
636	LA020190-0092	7	95.45509338378906
636	FT932-855	8	95.15107727050781
636	FR940304-2-00151	9	95.06071472167969
636	FT932-5300	10	94.95146942138672
644	FR940928-2-00076	1	98.98226928710938
644	LA060189-0001	2	98.74305725097656
644	FR940304-0-00085	3	98.53266906738281
644	FR941202-0-00162	4	98.43305969238281
644	LA070190-0086	5	98.4151382446289
644	FT921-5280	6	98.09004211425781
644	FR940524-2-00056	7	97.85005187988281
644	FR940317-1-00217	8	97.81554412841797
644	FBIS3-22268	9	97.49341583251953
644	FR940926-1-00019	10	97.44676208496094
652	FBIS3-38344	1	99.166015625
652	FBIS3-30988	2	99.14299011230469
652	FT923-8966	3	98.61133575439453
652	FT923-9018	4	98.5330581665039
652	FBIS3-58497	5	98.13800048828125
652	FBIS3-59097	6	98.10321044921875
652	FBIS4-30815	7	98.0398178100586
652	FT933-13796	8	97.82215118408203
652	FBIS3-20687	9	97.81150817871094
652	FBIS3-58623	10	97.65457153320312
660	LA022690-0001	1	107.59407043457031
660	LA123189-0136	2	107.49688720703125
660	LA020190-0104	3	107.21839141845703
660	LA122790-0120	4	106.72611999511719
660	LA123089-0033	5	104.70133972167969
660	LA021290-0055	6	104.49256134033203
660	LA022789-0086	7	103.81515502929688
660	LA122189-0112	8	102.94544982910156
660	LA010889-0039	9	102.8017807006836
660	LA011390-0142	10	102.3826904296875
668	FT922-7483	1	97.58358001708984
668	FBIS3-41833	2	95.69000244140625
668	LA100289-0036	3	95.11615753173828
668	LA010589-0019	4	95.09991455078125
668	FBIS3-17069	5	94.99990844726562
668	FT921-5289	6	94.20649719238281
668	LA100889-0053	7	93.74126434326172
668	LA121390-0018	8	93.68620300292969
668	FT933-1157	9	93.67875671386719
668	FBIS4-16842	10	93.66458129882812
676	FBIS4-67070	1	101.19554138183594
676	FT922-3792	2	101.07696533203125
676	FBIS4-66992	3	100.88030242919922
676	FBIS3-22065	4	100.56555938720703
676	FBIS3-41261	5	100.1509780883789
676	FT923-9995	6	99.73649597167969
676	FBIS3-60019	7	99.01960754394531
676	FBIS3-41099	8	98.80963134765625
676	FBIS3-41154	9	98.71159362792969
676	FT924-10092	10	98.63658142089844
684	FT942-1176	1	99.49738311767578
684	FT942-4616	2	98.94923400878906
684	FT931-5786	3	98.1172103881836
684	FT922-8787	4	97.89712524414062
684	FT931-15379	5	97.83533477783203
684	FT943-1176	6	97.66032409667969
684	FT923-12186	7	97.6211929321289
684	FT921-11530	8	97.4123764038086
684	FT923-10869	9	97.30939483642578
684	LA102589-0032	10	97.20406341552734
692	FR940104-2-00081	1	100.15770721435547
692	LA021290-0060	2	99.85702514648438
692	FT944-15748	3	99.22019958496094
692	FT911-4014	4	98.4073486328125
692	FT943-5253	5	98.35340118408203
692	FT941-2974	6	98.24385833740234
692	FT931-5547	7	97.9129409790039
692	FT941-9923	8	96.52056884765625
692	FT931-6595	9	96.15779876708984
692	FT922-3716	10	96.06896209716797
700	LA032090-0115	1	103.96300506591797
700	LA112890-0076	2	102.45958709716797
700	LA070690-0080	3	102.36965942382812
700	LA041790-0005	4	101.19903564453125
700	FT924-1204	5	100.39966583251953
700	LA113089-0120	6	100.35566711425781
700	LA121090-0066	7	99.85087585449219
700	LA100589-0051	8	99.79109191894531
700	LA090390-0079	9	99.55107879638672
700	FT931-8719	10	99.47177124023438
303	LA043090-0018	1	102.97687530517578
303	FT934-2516	2	102.92176055908203
303	FT934-5418	3	102.80187225341797
303	LA063090-0004	4	102.76354217529297
303	FT921-7107	5	102.58433532714844
303	LA042590-0135	6	102.31807708740234
303	FT944-128	7	102.1917495727539
303	LA070990-0052	8	102.0419692993164
303	LA041490-0064	9	101.77361297607422
303	LA072590-0005	10	101.57001495361328
311	FT944-15440	1	104.35456848144531
311	FBIS4-19393	2	101.57167053222656
311	FT924-15901	3	100.9311294555664
311	FT944-18257	4	100.7553939819336
311	FT933-13747	5	100.57383728027344
311	FT933-14828	6	100.33261108398438
311	FT931-3885	7	100.28653717041016
311	FBIS3-58751	8	100.1911849975586
311	LA122789-0010	9	100.06942749023438
311	FT944-8837	10	99.38603210449219
319	FT942-15407	1	98.57147216796875
319	FT932-8409	2	98.44166564941406
319	FT924-7244	3	97.98896789550781
319	FT933-3194	4	97.92718505859375
319	FT934-13811	5	96.75245666503906
319	FBIS4-66443	6	96.640380859375
319	FT933-3423	7	96.47589874267578
319	FR941219-1-00025	8	96.02409362792969
319	LA121589-0073	9	95.96678924560547
319	FT942-1257	10	95.85896301269531
327	FT931-5001	1	97.67121887207031
327	LA062190-0015	2	95.74520874023438
327	LA051490-0048	3	93.78012084960938
327	LA110989-0018	4	93.75985717773438
327	FT923-7819	5	93.1243896484375
327	LA121989-0036	6	93.04597473144531
327	LA011089-0010	7	92.57196044921875
327	FT931-9649	8	92.18839263916016
327	LA061090-0004	9	92.0812759399414
327	LA121990-0011	10	91.80270385742188
335	LA070190-0096	1	99.93090057373047
335	LA052690-0132	2	97.1783676147461
335	LA072290-0043	3	97.09707641601562
335	LA092390-0207	4	96.63945007324219
335	LA100590-0008	5	96.06416320800781
335	LA100590-0003	6	95.56278991699219
335	LA102390-0050	7	95.39508056640625
335	LA070490-0027	8	95.27052307128906
335	LA102290-0115	9	95.11476135253906
335	LA101090-0127	10	95.06295776367188
343	FT934-4147	1	105.99075317382812
343	LA042689-0091	2	104.72352600097656
343	LA052990-0011	3	102.97026824951172
343	LA041390-0139	4	102.89574432373047
343	LA010889-0180	5	102.83445739746094
343	FT944-17947	6	102.69097137451172
343	LA111789-0109	7	102.50433349609375
343	FT931-5038	8	102.48019409179688
343	LA012389-0005	9	102.41085815429688
343	LA121789-0241	10	102.31190490722656
351	FT934-4629	1	106.92900848388672
351	FT942-12805	2	106.22535705566406
351	FT922-15099	3	105.88395690917969
351	FT921-6603	4	105.67250061035156
351	FBIS3-10551	5	104.57391357421875
351	FT941-13429	6	104.56138610839844
351	FBIS3-59016	7	104.5162353515625
351	FT923-11890	8	104.43755340576172
351	FT932-16710	9	104.29386901855469
351	FBIS4-34579	10	103.12256622314453
359	LA120389-0225	1	99.97579956054688
359	LA040990-0062	2	97.56021118164062
359	LA032690-0072	3	96.44093322753906
359	LA120390-0103	4	96.4213638305664
359	LA042390-0027	5	96.16248321533203
359	LA123190-0049	6	96.06533813476562
359	LA102990-0023	7	96.0605239868164
359	FT942-6111	8	95.98125457763672
359	FR941028-2-00126	9	95.88928985595703
359	LA082090-0087	10	95.82720947265625
367	FT942-9466	1	98.8427734375
367	FT932-14130	2	98.77665710449219
367	FBIS4-25559	3	98.64279174804688
367	FBIS4-25572	4	98.64279174804688
367	FBIS3-44900	5	98.23323059082031
367	FT944-16684	6	98.057373046875
367	FT934-12634	7	97.38352966308594
367	FT944-15783	8	97.32728576660156
367	FT923-1266	9	97.2332534790039
367	FBIS4-50246	10	97.12639617919922
375	FBIS3-59723	1	100.38756561279297
375	FBIS4-44852	2	99.28722381591797
375	LA062389-0066	3	97.60012817382812
375	FBIS4-66430	4	96.9134521484375
375	FBIS4-44726	5	96.74322509765625
375	FBIS3-21141	6	96.01039123535156
375	FT921-11552	7	95.314208984375
375	FR941219-1-00027	8	95.06912231445312
375	FT942-15408	9	94.9427719116211
375	FBIS4-44698	10	94.21532440185547
383	FT922-715	1	100.4453353881836
383	LA111290-0137	2	98.86483001708984
383	LA062190-0024	3	97.84980773925781
383	LA010590-0095	4	97.20542907714844
383	FT933-4868	5	96.45669555664062
383	LA111689-0162	6	95.52061462402344
383	LA050290-0159	7	95.25991821289062
383	LA082090-0069	8	95.13813781738281
383	LA070390-0063	9	95.08695983886719
383	LA090389-0060	10	94.96439361572266
391	FT933-483	1	99.16949462890625
391	FT944-13434	2	98.73831176757812
391	FT924-7380	3	98.56797790527344
391	FT932-13553	4	98.42195892333984
391	FT944-6608	5	98.20870208740234
391	FT932-13564	6	98.10733032226562
391	FT934-15392	7	97.77275085449219
391	FBIS3-41203	8	97.6991195678711
391	LA092689-0044	9	97.66314697265625
391	FT933-9138	10	97.63766479492188
399	FBIS4-2524	1	99.08067321777344
399	LA072989-0035	2	98.37266540527344
399	LA032289-0033	3	97.60806274414062
399	FR940810-1-00017	4	97.47900390625
399	FBIS4-20436	5	97.43934631347656
399	FBIS3-16534	6	97.16571044921875
399	FBIS4-49902	7	96.91741180419922
399	LA102289-0105	8	96.91043090820312
399	FT924-3602	9	96.14312744140625
399	FT943-11871	10	96.03790283203125
407	FT932-12511	1	99.58741760253906
407	LA100989-0033	2	96.90562438964844
407	FBIS3-41533	3	96.74134063720703
407	LA042589-0128	4	95.94070434570312
407	LA050889-0063	5	95.66366577148438
407	FBIS4-45603	6	95.58290100097656
407	FT941-1511	7	95.34115600585938
407	FR941103-0-00151	8	95.26251220703125
407	LA040889-0073	9	95.0856704711914
407	FT933-7330	10	94.95614624023438
415	FT921-3261	1	103.07606506347656
415	FBIS3-60083	2	101.21044921875
415	FBIS3-21941	3	96.12409973144531
415	FBIS4-21166	4	95.86177825927734
415	FT922-7496	5	95.64818572998047
415	FT934-8590	6	95.56684875488281
415	FT942-14203	7	95.42090606689453
415	FBIS4-2802	8	95.29859924316406
415	FR940610-2-00055	9	95.14697265625
415	FR940106-0-00015	10	95.02609252929688
423	FT944-12689	1	101.80648040771484
423	FBIS4-31315	2	101.29148864746094
423	FBIS4-31962	3	101.1296157836914
423	FBIS4-31676	4	100.62348175048828
423	LA012089-0084	5	100.263916015625
423	FBIS4-7539	6	100.1997299194336
423	FBIS3-9178	7	100.17564392089844
423	FBIS4-31647	8	100.16517639160156
423	FT922-3642	9	99.98648071289062
423	FT932-11129	10	99.8148422241211
431	FBIS3-20966	1	101.98904418945312
431	FBIS3-24509	2	101.765380859375
431	FBIS3-40420	3	101.49374389648438
431	FBIS3-46247	4	101.09584045410156
431	FT942-13969	5	101.05780029296875
431	FBIS3-3923	6	100.90673065185547
431	FBIS3-59639	7	100.8155517578125
431	FT922-9444	8	100.57264709472656
431	FBIS3-40223	9	100.57215881347656
431	FBIS4-44735	10	100.43246459960938
439	FT922-11472	1	97.3587875366211
439	LA100589-0058	2	97.25320434570312
439	FT922-11525	3	96.79536437988281
439	FT934-13554	4	96.64195251464844
439	FT944-13122	5	96.49497985839844
439	LA041889-0085	6	96.46417999267578
439	FT921-9039	7	96.20242309570312
439	LA101389-0049	8	96.01504516601562
439	FT921-8725	9	95.77064514160156
439	FT924-13568	10	95.76192474365234
447	FT934-172	1	97.77920532226562
447	FT922-12247	2	97.15611267089844
447	FT941-14135	3	96.06800842285156
447	FT924-9521	4	96.05493927001953
447	FT922-578	5	95.83428192138672
447	FT942-3065	6	95.8254165649414
447	FT943-11592	7	95.60865020751953
447	LA042389-0216	8	95.45867919921875
447	FT934-3008	9	95.1633529663086
447	FT932-1911	10	95.09300231933594
605	FT922-1200	1	102.12763977050781
605	FT931-8924	2	100.93980407714844
605	FT944-3556	3	100.5460205078125
605	FBIS4-67636	4	100.4129409790039
605	FT921-9578	5	100.36812591552734
605	FT922-4143	6	99.93963623046875
605	FT934-3644	7	99.76808166503906
605	FT933-14010	8	99.76142120361328
605	FT931-9663	9	99.4745864868164
605	FT911-2774	10	99.43972778320312
613	FT921-10731	1	102.70760345458984
613	FT943-8785	2	102.10087585449219
613	LA022190-0180	3	101.86904907226562
613	LA012890-0072	4	101.8512191772461
613	LA122289-0042	5	101.16111755371094
613	FT933-1020	6	100.97914123535156
613	LA031390-0074	7	100.81489562988281
613	LA040590-0036	8	100.1953353881836
613	LA072990-0040	9	99.82474517822266
613	LA061490-0133	10	99.74442291259766
621	FT941-3868	1	105.41840362548828
621	LA110789-0149	2	104.86528015136719
621	FT932-2151	3	103.20328521728516
621	FT934-13060	4	102.3235092163086
621	FT924-8156	5	102.1390151977539
621	FT934-11863	6	101.71884155273438
621	FT942-17115	7	101.49232482910156
621	FT941-7858	8	101.37806701660156
621	FT921-11838	9	101.3442153930664
621	FT933-9689	10	101.20612335205078
629	LA041590-0152	1	103.49992370605469
629	LA043089-0072	2	102.35374450683594
629	LA072389-0106	3	102.25672912597656
629	LA032689-0115	4	102.14234161376953
629	LA070989-0212	5	101.9452133178711
629	LA012390-0044	6	101.88518524169922
629	FT943-11458	7	101.83174133300781
629	LA101589-0182	8	101.33708190917969
629	LA110589-0233	9	101.24010467529297
629	FT944-173	10	101.07179260253906
637	LA122890-0150	1	99.82095336914062
637	LA041789-0062	2	99.38206481933594
637	FT944-5738	3	98.43563842773438
637	LA092189-0166	4	97.2783432006836
637	FT923-6764	5	96.21442413330078
637	LA081089-0016	6	95.9568862915039
637	LA010190-0021	7	95.88798522949219
637	FT932-1217	8	95.43306732177734
637	LA092889-0142	9	95.4122314453125
637	FT934-10458	10	95.41157531738281
645	FT932-14130	1	104.91277313232422
645	FT934-12634	2	104.04530334472656
645	FT944-15783	3	103.21344757080078
645	FT932-2521	4	103.07466888427734
645	FT944-16684	5	102.99757385253906
645	FT934-5574	6	102.45932006835938
645	FT942-4659	7	102.10387420654297
645	FT921-6989	8	101.59660339355469
645	FT924-12863	9	101.40634155273438
645	FT932-5610	10	101.40220642089844
653	FT934-6497	1	108.45494079589844
653	LA093090-0190	2	107.42237854003906
653	FBIS4-68074	3	107.21295166015625
653	FT944-8350	4	106.65956115722656
653	FT921-5242	5	106.52928161621094
653	FBIS4-11186	6	106.51368713378906
653	LA011389-0033	7	106.43182373046875
653	FBIS3-60887	8	106.09716796875
653	FBIS4-46308	9	106.081787109375
653	FBIS4-43170	10	106.07696533203125
661	FT931-6595	1	96.46111297607422
661	LA052989-0031	2	94.90272521972656
661	LA102490-0132	3	94.51516723632812
661	FR940810-0-00317	4	93.85017395019531
661	FT931-5795	5	93.40750885009766
661	LA081390-0051	6	93.34375
661	LA110590-0024	7	92.71934509277344
661	LA080190-0140	8	92.67906951904297
661	LA080290-0048	9	92.17498779296875
661	LA102989-0050	10	92.14158630371094
669	FBIS3-34081	1	102.9131851196289
669	FBIS4-58468	2	102.19343566894531
669	LA062490-0145	3	101.66874694824219
669	LA012289-0004	4	101.42575073242188
669	FBIS3-34887	5	101.20995330810547
669	FBIS3-52922	6	101.14280700683594
669	FBIS4-38279	7	101.10372924804688
669	FBIS3-22961	8	100.7120361328125
669	FBIS3-33833	9	100.50575256347656
669	FBIS3-12448	10	100.3420639038086
677	FT922-6399	1	105.03126525878906
677	LA102089-0186	2	104.42120361328125
677	FT921-8941	3	103.93826293945312
677	FT922-11710	4	103.73060607910156
677	FT943-5813	5	103.01457214355469
677	LA080590-0064	6	102.90191650390625
677	FT941-2727	7	101.6829833984375
677	LA060490-0141	8	98.7948989868164
677	FT931-245	9	96.28788757324219
677	FT911-1349	10	93.93074798583984
685	LA022189-0098	1	102.7537841796875
685	LA123090-0183	2	102.34428405761719
685	LA032989-0089	3	102.03604888916016
685	LA021689-0171	4	101.99644470214844
685	LA021689-0013	5	101.60964965820312
685	LA030589-0027	6	101.5436782836914
685	LA033089-0154	7	101.39242553710938
685	LA033190-0053	8	101.20410919189453
685	LA032989-0088	9	100.8763198852539
685	LA022390-0127	10	100.66736602783203
693	FT941-5639	1	101.39818572998047
693	FT942-5098	2	100.8968505859375
693	FT934-10539	3	100.52070617675781
693	FT941-2424	4	100.50094604492188
693	FBIS3-2056	5	98.87649536132812
693	LA022689-0063	6	98.63765716552734
693	FT944-17185	7	98.53092193603516
693	FT932-629	8	98.5303726196289
693	FT932-14296	9	97.86627197265625
693	FT941-4672	10	97.70426940917969
304	FR941004-1-00053	1	101.24979400634766
304	LA031790-0072	2	100.42972564697266
304	FR940511-0-00064	3	100.1650161743164
304	LA122390-0067	4	100.05863189697266
304	FR941205-0-00114	5	100.0003890991211
304	FR940202-1-00044	6	99.54167938232422
304	FR941004-1-00051	7	99.46493530273438
304	FR940127-1-00056	8	99.41117095947266
304	FR940720-2-00060	9	99.21521759033203
304	FR940627-1-00012	10	99.13204193115234
312	LA040289-0050	1	95.02719116210938
312	FR940104-2-00021	2	93.80701446533203
312	FT944-14235	3	93.42578125
312	FBIS4-66359	4	93.16893005371094
312	FBIS4-42374	5	93.08171081542969
312	FT941-1060	6	92.80902862548828
312	FBIS3-20616	7	92.75978088378906
312	FT911-4711	8	92.71768188476562
312	FR940217-2-00020	9	92.50189971923828
312	FT932-16428	10	92.48001098632812
320	FT933-8271	1	105.79903411865234
320	FT924-12375	2	105.40879821777344
320	FT922-7917	3	104.22315216064453
320	FT924-12383	4	103.86616516113281
320	LA120889-0086	5	102.13504028320312
320	FBIS4-25142	6	102.116943359375
320	FT944-17646	7	101.7424087524414
320	FT941-13812	8	100.04826354980469
320	FR940705-0-00024	9	99.79025268554688
320	FT922-1289	10	99.40882873535156
328	FT922-7713	1	103.13145446777344
328	LA050189-0046	2	102.67405700683594
328	LA032689-0148	3	98.47488403320312
328	FT944-12877	4	97.7723617553711
328	LA061390-0171	5	97.3975601196289
328	FT944-647	6	97.30180358886719
328	LA071190-0094	7	96.77519226074219
328	LA111389-0034	8	96.4831771850586
328	FT942-10572	9	96.38370513916016
328	FT922-6528	10	96.37108612060547
336	LA012589-0100	1	101.00544738769531
336	FR940902-1-00065	2	99.64098358154297
336	LA103190-0063	3	99.24781799316406
336	LA081689-0053	4	98.78091430664062
336	FR940603-0-00100	5	98.48931884765625
336	LA033190-0071	6	98.1031265258789
336	FR940603-0-00103	7	97.99451446533203
336	LA090390-0032	8	97.97209930419922
336	LA052189-0111	9	97.94181823730469
336	LA100489-0072	10	97.57987976074219
344	FT922-2176	1	98.52595520019531
344	FT922-10706	2	96.77873229980469
344	LA050489-0120	3	95.98839569091797
344	FT942-2099	4	95.89701843261719
344	FR940805-1-00090	5	95.52008819580078
344	LA060889-0004	6	95.51294708251953
344	LA052390-0093	7	95.48222351074219
344	FR940204-0-00023	8	95.42796325683594
344	LA060989-0013	9	95.38663482666016
344	FT924-13466	10	95.36860656738281
352	FT924-4987	1	102.0193862915039
352	FT942-9865	2	101.6568603515625
352	FT934-11803	3	101.37710571289062
352	FT941-4219	4	101.04124450683594
352	FT934-10925	5	99.8179931640625
352	FT943-904	6	99.66229248046875
352	FT934-10658	7	98.784912109375
352	FT934-15414	8	98.41267395019531
352	FT944-14192	9	98.24955749511719
352	FT934-2741	10	98.2085189819336
360	LA031289-0044	1	100.86811065673828
360	LA091690-0032	2	99.75566864013672
360	LA062589-0009	3	98.55846405029297
360	FBIS3-22089	4	98.41614532470703
360	FR940304-1-00187	5	97.5985336303711
360	LA042990-0111	6	97.41355895996094
360	LA032590-0031	7	97.22737121582031
360	LA100689-0065	8	96.8139419555664
360	LA010190-0006	9	96.75167846679688
360	LA011090-0127	10	96.66876220703125
368	LA080790-0131	1	98.78685760498047
368	LA032790-0011	2	97.43468475341797
368	LA080789-0101	3	97.40361785888672
368	FT943-13120	4	97.16629028320312
368	FT934-9438	5	96.79328155517578
368	LA101689-0053	6	96.64469146728516
368	FT941-16729	7	95.88166046142578
368	LA072390-0045	8	95.7305679321289
368	LA060589-0050	9	95.58698272705078
368	LA062389-0034	10	95.32505798339844
376	FBIS4-26096	1	97.34589385986328
376	FBIS3-44377	2	96.87366485595703
376	LA030889-0148	3	96.69856262207031
376	FBIS3-32730	4	96.51136779785156
376	FT922-12921	5	96.30857849121094
376	FBIS3-29533	6	96.30810546875
376	FT941-13978	7	95.77139282226562
376	FBIS4-25570	8	95.7169189453125
376	FBIS4-25557	9	95.7169189453125
376	FBIS4-24732	10	95.47118377685547
384	FBIS3-21230	1	100.94625091552734
384	FBIS3-23678	2	100.2826919555664
384	FBIS3-42513	3	100.22772979736328
384	LA052689-0183	4	100.20954895019531
384	LA072189-0094	5	100.17710876464844
384	FBIS4-46653	6	99.276611328125
384	FBIS4-44900	7	98.65912628173828
384	LA072089-0206	8	98.41405487060547
384	FT943-5598	9	98.2731704711914
384	FBIS3-15057	10	98.23233032226562
392	FBIS3-40420	1	100.7574234008789
392	LA092189-0061	2	100.13467407226562
392	FBIS3-59639	3	99.83573913574219
392	FBIS3-20966	4	99.77203369140625
392	FBIS3-40531	5	99.63225555419922
392	FT922-9444	6	99.279052734375
392	FBIS4-44650	7	99.06510925292969
392	FT933-2950	8	99.05882263183594
392	FT923-4774	9	98.92770385742188
392	FBIS4-44737	10	98.85401153564453
400	LA032590-0089	1	105.9451904296875
400	LA050789-0087	2	104.38485717773438
400	LA070890-0117	3	102.40782165527344
400	LA102390-0098	4	102.40535736083984
400	LA061790-0153	5	101.67337036132812
400	FT922-8533	6	101.26359558105469
400	LA121890-0005	7	101.14103698730469
400	FT922-8377	8	101.133056640625
400	LA111890-0263	9	101.085205078125
400	LA090990-0055	10	100.84355163574219
408	FT924-2519	1	100.96672058105469
408	LA101489-0074	2	100.63461303710938
408	LA120389-0130	3	99.59056091308594
408	LA062290-0070	4	98.9723892211914
408	LA082990-0118	5	98.79914855957031
408	LA080389-0065	6	98.45022583007812
408	LA082189-0033	7	97.88357543945312
408	LA060689-0099	8	97.70460510253906
408	FT931-7520	9	97.60475158691406
408	FT944-12299	10	97.04985046386719
416	FBIS3-3047	1	108.27412414550781
416	FBIS3-44551	2	107.96646118164062
416	FBIS3-45816	3	107.0410385131836
416	FT922-14361	4	106.99479675292969
416	FBIS3-3877	5	106.8958740234375
416	FBIS3-20613	6	106.80174255371094
416	FBIS4-66355	7	106.6389389038086
416	FBIS4-26989	8	106.42723846435547
416	FBIS3-59308	9	106.25141906738281
416	FBIS4-49586	10	106.1866226196289
424	LA091390-0098	1	100.46609497070312
424	LA032990-0042	2	100.17979431152344
424	FT921-9583	3	100.12776184082031
424	LA032390-0143	4	99.78077697753906
424	LA110390-0092	5	99.5609359741211
424	LA103090-0183	6	99.54586791992188
424	LA103190-0037	7	99.41863250732422
424	LA021790-0146	8	99.18431854248047
424	FT911-1602	9	98.8796615600586
424	LA032189-0001	10	98.86560821533203
432	LA052689-0086	1	96.25299072265625
432	FT933-15846	2	96.15371704101562
432	LA060390-0119	3	96.13825988769531
432	LA030590-0006	4	96.12850952148438
432	LA051289-0114	5	95.99237060546875
432	LA041990-0169	6	95.60746765136719
432	LA111289-0114	7	95.54267883300781
432	LA090990-0016	8	95.5229263305664
432	LA012890-0187	9	95.41565704345703
432	LA050589-0080	10	95.41263580322266
440	FR940513-1-00107	1	102.17810821533203
440	FT943-15936	2	100.12931060791016
440	FT942-3471	3	100.03437042236328
440	FT942-8040	4	99.9085922241211
440	FR940513-1-00105	5	99.57239532470703
440	FR940513-1-00099	6	99.32742309570312
440	FR940513-1-00104	7	98.94622039794922
440	LA031690-0183	8	98.79865264892578
440	LA040390-0172	9	98.35578918457031
440	FR940513-1-00101	10	98.3398666381836
448	FT921-11935	1	104.2975845336914
448	FT931-12892	2	102.3749771118164
448	FT931-415	3	100.40506744384766
448	FT941-6440	4	99.95596313476562
448	FT923-7822	5	99.88772583007812
448	FT923-6347	6	99.61467742919922
448	FT931-16587	7	99.44672393798828
448	FT941-5732	8	99.4056396484375
448	FT942-4810	9	98.9012222290039
448	FT942-10061	10	98.87310791015625
606	LA042889-0181	1	105.04853820800781
606	LA052489-0063	2	99.08314514160156
606	LA050589-0065	3	95.89251708984375
606	LA062790-0134	4	95.40460968017578
606	FT921-8712	5	95.19741821289062
606	FT942-3403	6	95.15354919433594
606	FT942-8070	7	95.10543060302734
606	LA050990-0004	8	95.08040618896484
606	LA091290-0158	9	95.01654052734375
606	LA102890-0178	10	94.94624328613281
614	FR941003-2-00006	1	101.51102447509766
614	FR940523-2-00056	2	101.06983184814453
614	FT941-7775	3	95.77566528320312
614	FT943-16375	4	95.64229583740234
614	FR941007-0-00015	5	95.404296875
614	FR941007-0-00011	6	95.14615631103516
614	FR941103-0-00005	7	94.51592254638672
614	FT942-8796	8	93.50398254394531
614	FR940825-0-00007	9	93.29388427734375
614	LA102789-0019	10	92.86689758300781
622	FT942-4382	1	103.45942687988281
622	FT942-4386	2	102.9881591796875
622	FT944-12691	3	101.30477905273438
622	FT934-8419	4	100.75689697265625
622	FT944-5767	5	100.42576599121094
622	LA042590-0148	6	100.42311096191406
622	LA042690-0227	7	99.67936706542969
622	LA042690-0231	8	99.60700225830078
622	FT921-718	9	99.33642578125
622	FBIS4-5673	10	99.28133392333984
630	FBIS4-67633	1	103.05191040039062
630	FT944-11095	2	101.665283203125
630	FT944-16460	3	101.06138610839844
630	LA121390-0059	4	100.6473159790039
630	FBIS3-41804	5	100.4465560913086
630	LA111190-0182	6	99.36531066894531
630	LA120290-0165	7	99.1290283203125
630	FBIS3-34941	8	98.92855834960938
630	LA112590-0222	9	98.71148681640625
630	LA120290-0083	10	98.65008544921875
638	LA020489-0021	1	98.02568817138672
638	LA080190-0083	2	96.96730041503906
638	LA063089-0117	3	96.77889251708984
638	FT921-4560	4	96.23959350585938
638	LA120289-0112	5	95.73540496826172
638	LA010889-0026	6	95.71585845947266
638	LA061589-0049	7	95.66868591308594
638	LA040290-0080	8	95.59908294677734
638	FT942-234	9	95.59274291992188
638	FR941222-0-00068	10	95.5638427734375
646	LA082090-0113	1	105.84529113769531
646	LA082190-0091	2	104.6400146484375
646	LA041590-0171	3	101.0153579711914
646	LA102089-0059	4	100.80414581298828
646	FR940314-2-00008	5	99.84800720214844
646	LA020690-0082	6	99.3502197265625
646	LA082890-0006	7	98.70796966552734
646	LA082890-0055	8	98.4928970336914
646	FR941020-1-00011	9	98.45316314697266
646	FR941122-1-00017	10	98.10028839111328
654	FT923-5668	1	98.21263122558594
654	FT923-5556	2	96.78163146972656
654	LA072089-0183	3	96.65019226074219
654	LA021890-0061	4	96.2467041015625
654	LA081389-0069	5	95.65032958984375
654	LA021590-0096	6	95.27133178710938
654	LA112290-0185	7	94.43455505371094
654	LA040289-0219	8	94.30856323242188
654	LA031890-0149	9	94.29753112792969
654	FT924-10422	10	94.29496002197266
662	FT941-14187	1	98.20145416259766
662	FT944-4458	2	97.49927520751953
662	FT942-8797	3	96.38075256347656
662	FT922-2178	4	96.3767318725586
662	FR940516-1-00131	5	96.35047149658203
662	FT944-8084	6	96.26264953613281
662	FT943-13625	7	96.05192565917969
662	FT943-15687	8	95.39179229736328
662	FT943-8553	9	95.30393981933594
662	FT941-3296	10	94.93450164794922
670	FT922-12817	1	104.06208801269531
670	LA103090-0005	2	100.57424926757812
670	FT921-7766	3	100.24046325683594
670	FT941-987	4	100.18510437011719
670	FT921-5900	5	100.05325317382812
670	LA080590-0023	6	99.80996704101562
670	FBIS3-51446	7	99.30467224121094
670	LA071990-0008	8	98.98912048339844
670	LA112590-0157	9	98.86698913574219
670	LA060689-0091	10	98.79440307617188
678	LA042089-0108	1	94.99288940429688
678	LA031690-0157	2	94.95855712890625
678	FR941230-2-00151	3	94.80941772460938
678	LA031889-0102	4	94.66532897949219
678	LA100590-0003	5	94.37481689453125
678	FR941006-2-00179	6	94.3067855834961
678	FT934-3208	7	94.25811004638672
678	FR940822-2-00119	8	94.2191390991211
678	LA031690-0158	9	93.96817779541016
678	FT923-11269	10	93.69580078125
686	FT924-1431	1	103.70712280273438
686	FT924-7163	2	103.56791687011719
686	FT924-1428	3	103.47372436523438
686	FT931-16819	4	103.41142272949219
686	FT944-549	5	102.88236999511719
686	FT934-7764	6	102.71154022216797
686	FT934-2962	7	102.64873504638672
686	FT923-11726	8	102.44690704345703
686	FT934-13877	9	101.89107513427734
686	FT943-12785	10	101.83799743652344
694	LA041890-0035	1	101.3711166381836
694	LA062190-0187	2	100.0118637084961
694	LA042890-0004	3	98.65067291259766
694	LA032289-0074	4	97.36876678466797
694	FT923-772	5	96.86677551269531
694	LA122590-0068	6	96.7356948852539
694	LA122890-0015	7	96.22500610351562
694	LA041490-0090	8	95.48983764648438
694	LA120590-0042	9	94.92324829101562
694	LA122890-0069	10	94.89289855957031
305	LA082690-0158	1	100.311767578125
305	FT923-3444	2	99.54381561279297
305	LA101390-0078	3	99.1084976196289
305	FT934-3351	4	98.95988464355469
305	LA100189-0186	5	97.97239685058594
305	FT922-8544	6	97.27903747558594
305	FT921-2661	7	97.14325714111328
305	LA022690-0089	8	97.12073516845703
305	LA112489-0003	9	96.94500732421875
305	LA101890-0183	10	96.71905517578125
313	FBIS3-59655	1	103.24573516845703
313	LA102690-0187	2	103.18112182617188
313	FT943-3198	3	102.55355834960938
313	FBIS3-30043	4	99.613525390625
313	LA080490-0125	5	99.54413604736328
313	LA121290-0081	6	98.68633270263672
313	FBIS4-44908	7	97.33599853515625
313	FBIS4-43553	8	96.70335388183594
313	FBIS4-66412	9	95.9669189453125
313	FBIS4-23074	10	95.68334197998047
321	FT922-190	1	103.96336364746094
321	FT933-17002	2	103.4462890625
321	FT933-199	3	103.35903930664062
321	FT944-17896	4	103.2744140625
321	FT921-7786	5	102.78724670410156
321	FT922-52	6	102.74382019042969
321	FT933-14771	7	101.83424377441406
321	FT943-482	8	101.284423828125
321	FT934-11493	9	101.13198852539062
321	FT942-3152	10	101.00116729736328
329	FT924-4528	1	104.94947814941406
329	FT921-15471	2	103.1312255859375
329	FT921-2827	3	103.04385375976562
329	FT921-2803	4	103.04385375976562
329	FT921-7845	5	102.843505859375
329	FT921-15760	6	101.84725952148438
329	LA061790-0069	7	101.72720336914062
329	LA121890-0088	8	101.36341094970703
329	LA061990-0058	9	101.15918731689453
329	LA111589-0111	10	100.61848449707031
337	FBIS3-22684	1	102.02099609375
337	FBIS3-41744	2	99.55339813232422
337	FBIS3-22685	3	99.49256134033203
337	FBIS4-20345	4	98.9376449584961
337	FBIS3-41710	5	98.89524841308594
337	FBIS4-67666	6	98.5718765258789
337	FBIS3-60427	7	98.24237060546875
337	FBIS4-20441	8	98.15200805664062
337	FBIS3-41736	9	97.80030822753906
337	FBIS4-45845	10	97.7373275756836
345	FT921-11387	1	103.69514465332031
345	FT944-7586	2	101.97128295898438
345	FT944-5165	3	101.55415344238281
345	FT932-7754	4	101.17221069335938
345	LA040590-0230	5	100.98890686035156
345	FT934-13188	6	100.50814819335938
345	FT943-12227	7	100.42163848876953
345	FT932-12153	8	100.34139251708984
345	FT934-4708	9	100.13263702392578
345	FT933-10482	10	100.0979995727539
353	LA052889-0108	1	102.52850341796875
353	LA040590-0149	2	102.17215728759766
353	FT911-4261	3	100.35628509521484
353	FT911-558	4	100.05126190185547
353	FT924-8994	5	99.99333190917969
353	FBIS4-67409	6	99.9808349609375
353	FT931-9727	7	99.54685974121094
353	FT911-4349	8	99.5342025756836
353	FBIS3-21000	9	99.50054931640625
353	LA100190-0054	10	99.44808959960938
361	LA031890-0125	1	98.47430419921875
361	LA120689-0008	2	98.29908752441406
361	LA120689-0012	3	98.23274230957031
361	LA031690-0047	4	98.13141632080078
361	LA081190-0123	5	97.63543701171875
361	LA021090-0137	6	97.34278106689453
361	LA112989-0008	7	97.23067474365234
361	LA061290-0034	8	97.15158081054688
361	LA112889-0108	9	96.31621551513672
361	LA082390-0031	10	96.0829086303711
369	LA082189-0039	1	99.05133056640625
369	LA061290-0021	2	95.37355041503906
369	FT922-7718	3	90.93658447265625
369	FBIS3-41742	4	90.91712951660156
369	FR941028-2-00185	5	90.6783676147461
369	FR940803-1-00064	6	90.50863647460938
369	FT944-3523	7	90.40257263183594
369	FR940304-0-00074	8	90.40144348144531
369	FBIS3-41723	9	90.37903594970703
369	FT944-1644	10	90.26676940917969
377	LA010590-0159	1	102.06695556640625
377	LA022689-0024	2	100.08442687988281
377	FT923-11563	3	99.9939956665039
377	FT933-11043	4	99.59291076660156
377	FT922-12131	5	99.5795669555664
377	LA070789-0031	6	98.70275115966797
377	FT942-10789	7	98.67523193359375
377	LA011589-0065	8	98.5992202758789
377	LA111989-0152	9	98.53190612792969
377	FT944-5676	10	98.45012664794922
385	FT943-11934	1	103.73147583007812
385	FT944-4751	2	102.36508178710938
385	FBIS4-44854	3	101.82601928710938
385	FT924-2358	4	101.25804138183594
385	FR940803-0-00109	5	100.07632446289062
385	FT944-18127	6	99.33765411376953
385	FR940303-2-00168	7	99.28353881835938
385	FR940803-0-00106	8	98.75507354736328
385	FR941219-1-00025	9	98.53361511230469
385	FR940425-0-00030	10	98.32022094726562
393	LA010990-0051	1	101.81749725341797
393	LA012490-0150	2	100.36463928222656
393	LA121589-0093	3	100.22030639648438
393	LA011289-0117	4	100.08027648925781
393	LA121390-0037	5	99.75917053222656
393	FT922-11561	6	98.62060546875
393	FT924-15580	7	98.5704116821289
393	LA091189-0107	8	98.31263732910156
393	FT933-16139	9	98.06783294677734
393	LA080389-0193	10	97.87641906738281
401	LA010489-0026	1	99.78950500488281
401	FT924-3284	2	99.5472412109375
401	FT923-174	3	99.19847106933594
401	FBIS3-59212	4	99.17676544189453
401	FBIS3-20329	5	98.98924255371094
401	FT932-4072	6	98.8745346069336
401	FT944-9692	7	98.63520050048828
401	FT924-11397	8	98.53272247314453
401	LA100690-0127	9	98.46533203125
401	LA121590-0058	10	98.35047912597656
409	FT923-13692	1	98.1111831665039
409	FT923-13817	2	96.11311340332031
409	FT933-13334	3	95.58161163330078
409	FT923-11688	4	95.43978881835938
409	LA060189-0036	5	95.42398834228516
409	FR940913-2-00104	6	95.35202026367188
409	LA082989-0108	7	95.1900405883789
409	FT941-758	8	95.17267608642578
409	FT911-1054	9	95.05694580078125
409	FT923-4905	10	94.96240997314453
417	FT931-12874	1	100.99395751953125
417	LA092989-0114	2	99.37785339355469
417	FBIS4-25449	3	98.03352355957031
417	LA022189-0094	4	97.37708282470703
417	LA072990-0201	5	97.33033752441406
417	FT942-8984	6	97.10157775878906
417	LA061090-0142	7	96.07124328613281
417	LA101489-0015	8	95.82188415527344
417	FT924-482	9	95.702880859375
417	LA041890-0058	10	95.62165832519531
425	FBIS4-46741	1	103.90280151367188
425	LA071389-0111	2	103.07496643066406
425	LA040789-0048	3	102.61292266845703
425	FT934-10733	4	102.08815002441406
425	LA102189-0077	5	101.87777709960938
425	LA071989-0120	6	101.50782012939453
425	FT942-9467	7	101.11582946777344
425	FT943-14585	8	101.06201171875
425	LA041389-0052	9	101.00365447998047
425	FBIS4-58263	10	100.9808578491211
433	LA122489-0062	1	95.486083984375
433	FBIS3-58084	2	94.65858459472656
433	FBIS3-59231	3	93.05630493164062
433	FT933-6062	4	92.25828552246094
433	LA011089-0011	5	92.1806640625
433	FBIS4-20285	6	91.99542236328125
433	LA112590-0064	7	91.89503479003906
433	FT911-4174	8	91.7724380493164
433	FBIS3-13963	9	91.75665283203125
433	FBIS4-18434	10	91.74580383300781
441	LA112690-0027	1	103.68940734863281
441	LA073090-0058	2	102.55008697509766
441	LA092690-0153	3	102.40837860107422
441	LA092090-0248	4	100.7420425415039
441	FBIS4-67664	5	100.67202758789062
441	LA071989-0117	6	100.50438690185547
441	FBIS4-45839	7	98.485595703125
441	LA081989-0064	8	96.81782531738281
441	LA061389-0087	9	94.99163055419922
441	LA121590-0028	10	94.39115905761719
449	LA111090-0106	1	98.29345703125
449	FT943-1637	2	95.82672119140625
449	FT944-10375	3	95.57438659667969
449	LA081390-0052	4	95.13128662109375
449	FT933-5254	5	95.10652923583984
449	FT942-8985	6	95.062744140625
449	FT924-5307	7	94.78668975830078
449	FBIS4-23032	8	94.70262145996094
449	LA021989-0159	9	94.09459686279297
449	FT932-4046	10	93.74003601074219
607	FT923-7735	1	99.80049896240234
607	FT934-2039	2	98.96708679199219
607	FT943-16993	3	98.59144592285156
607	FT933-13787	4	97.79800415039062
607	FT921-11140	5	97.64434814453125
607	FT934-1290	6	96.751220703125
607	FT922-11695	7	96.57088470458984
607	FT944-17394	8	96.51241302490234
607	FR940705-2-00204	9	96.32233428955078
607	FT934-16732	10	95.96784973144531
615	FT924-14020	1	103.71656799316406
615	FT931-1406	2	103.4913330078125
615	FT941-289	3	102.44786071777344
615	FT942-2297	4	101.7719497680664
615	FT943-3089	5	100.93910217285156
615	FT924-9315	6	100.90463256835938
615	FT932-1763	7	100.87112426757812
615	FT944-14643	8	100.86211395263672
615	FT932-9724	9	100.83909606933594
615	FT944-3090	10	100.77434539794922
623	LA080990-0105	1	104.34010314941406
623	FR940318-0-00052	2	101.3741455078125
623	FBIS3-22874	3	100.59076690673828
623	LA081690-0006	4	100.2996826171875
623	FT924-180	5	99.67668914794922
623	FBIS3-17889	6	99.06231689453125
623	FT931-6236	7	98.9189453125
623	FBIS4-45790	8	98.80267333984375
623	FR941216-1-00088	9	98.31900787353516
623	FBIS3-40995	10	98.12284851074219
631	LA071089-0067	1	107.09764099121094
631	FBIS4-48034	2	106.87739562988281
631	FT942-10695	3	106.78610229492188
631	FBIS4-47770	4	106.7034912109375
631	FT942-4376	5	106.69578552246094
631	FBIS4-23565	6	106.69317626953125
631	LA021190-0179	7	106.6046371459961
631	LA012690-0094	8	106.60188293457031
631	LA062690-0180	9	106.53628540039062
631	FBIS4-47801	10	106.49252319335938
639	FT921-9061	1	97.27667999267578
639	FT942-12328	2	97.24179077148438
639	FT934-7627	3	96.52872467041016
639	FT923-11181	4	96.07427215576172
639	FT931-16769	5	95.86669921875
639	FT944-4472	6	95.77597045898438
639	LA112489-0136	7	95.69694519042969
639	FT944-3554	8	95.45639038085938
639	LA060790-0165	9	95.35557556152344
639	FT923-10564	10	95.10731506347656
647	LA081290-0130	1	101.51873779296875
647	FT934-14106	2	99.99921417236328
647	FT941-4901	3	99.73643493652344
647	LA031989-0031	4	99.19878387451172
647	FT922-7320	5	98.08505249023438
647	FBIS4-22877	6	97.27581787109375
647	FT942-12747	7	97.01167297363281
647	FT923-6721	8	96.30697631835938
647	FT941-17533	9	96.28112030029297
647	LA110490-0015	10	96.09547424316406
655	FR940725-0-00044	1	94.43107604980469
655	FR940721-2-00061	2	93.44649505615234
655	FR941021-2-00061	3	92.91587829589844
655	FR940425-2-00060	4	92.8125991821289
655	FR940919-2-00100	5	92.62311553955078
655	FR940603-2-00047	6	91.86421966552734
655	FR940725-0-00051	7	91.62020874023438
655	FR940805-1-00073	8	91.51368713378906
655	FR940118-0-00013	9	91.43934631347656
655	FR940512-2-00051	10	91.39895629882812
663	LA081090-0080	1	103.50501251220703
663	LA062589-0164	2	103.39447021484375
663	FR940203-1-00050	3	102.877685546875
663	LA033090-0070	4	102.18561553955078
663	LA102190-0157	5	101.47432708740234
663	FR940104-2-00080	6	101.31475830078125
663	LA050989-0122	7	101.22932434082031
663	LA121789-0079	8	101.17932891845703
663	FR940202-0-00093	9	101.05873107910156
663	LA010390-0031	10	100.73001098632812
671	FT934-2326	1	101.29147338867188
671	LA092090-0096	2	101.28713989257812
671	LA091890-0141	3	101.05909729003906
671	LA072089-0025	4	100.81692504882812
671	LA060890-0044	5	99.30960083007812
671	FT933-10274	6	99.19992065429688
671	FT934-8834	7	99.03768920898438
671	LA080489-0027	8	98.8084716796875
671	FT931-8783	9	98.60528564453125
671	FT934-11867	10	98.50129699707031
679	LA071490-0012	1	105.62206268310547
679	LA072290-0043	2	101.85729217529297
679	LA082490-0081	3	100.05714416503906
679	LA070190-0124	4	99.72892761230469
679	LA070490-0027	5	99.40690612792969
679	LA071490-0010	6	99.1072769165039
679	LA061790-0048	7	94.63182067871094
679	FT922-14715	8	94.43132781982422
679	FR940304-0-00061	9	94.3831787109375
679	FR940324-2-00049	10	93.87708282470703
687	FT933-4354	1	105.45816802978516
687	FT944-14550	2	104.8717041015625
687	FT921-11400	3	104.81745147705078
687	FT923-14218	4	104.53263854980469
687	FT932-6286	5	103.83257293701172
687	FT924-11259	6	103.71146392822266
687	FT943-3201	7	103.64311218261719
687	FT932-11333	8	103.60191345214844
687	FT932-17434	9	103.2464599609375
687	FT931-14208	10	103.06950378417969
695	LA061589-0223	1	99.76420593261719
695	FT934-5402	2	99.73388671875
695	LA091490-0115	3	98.86172485351562
695	LA012489-0073	4	98.61116027832031
695	LA061589-0136	5	98.5625991821289
695	FT911-1210	6	98.56120300292969
695	LA022089-0058	7	98.53004455566406
695	LA041689-0134	8	98.04043579101562
695	FT944-1587	9	98.00687408447266
695	LA042089-0220	10	97.77698516845703
306	FBIS3-25646	1	104.32893371582031
306	FBIS3-25179	2	103.96990966796875
306	FBIS3-25441	3	103.74597930908203
306	FBIS3-687	4	103.31975555419922
306	FBIS3-43792	5	103.25656127929688
306	FBIS3-43225	6	103.15290832519531
306	FBIS3-25534	7	102.92252349853516
306	FBIS3-895	8	102.91525268554688
306	FBIS3-43385	9	102.86796569824219
306	LA072289-0057	10	102.73802185058594
314	LA070290-0020	1	96.02778625488281
314	FR940128-1-00013	2	95.34859466552734
314	FR941011-2-00025	3	95.25440979003906
314	FR940804-1-00024	4	95.20191955566406
314	FR940304-0-00090	5	95.17200469970703
314	LA082089-0085	6	94.64479064941406
314	LA080189-0060	7	94.49893188476562
314	FR940203-0-00056	8	94.4517822265625
314	LA080289-0059	9	94.45099639892578
314	LA121089-0035	10	94.27202606201172
322	LA032090-0091	1	100.05625915527344
322	LA072689-0022	2	99.94764709472656
322	FT934-11678	3	98.91138458251953
322	LA041789-0038	4	98.35527038574219
322	FT943-7186	5	97.99742126464844
322	LA022389-0077	6	97.94845581054688
322	FT932-16615	7	97.92573547363281
322	FT922-4078	8	97.9191665649414
322	FT934-2276	9	97.86878204345703
322	LA090690-0017	10	97.86247253417969
330	LA070490-0026	1	105.00494384765625
330	LA021989-0169	2	104.86593627929688
330	FBIS3-35199	3	104.54302215576172
330	FBIS3-13005	4	103.5968017578125
330	FBIS3-54079	5	103.56866455078125
330	FBIS3-54063	6	103.56866455078125
330	FBIS3-35440	7	103.36714935302734
330	FBIS4-37307	8	103.29910278320312
330	FT941-13427	9	103.27647399902344
330	FBIS4-15482	10	103.25961303710938
338	FT941-16918	1	99.48847198486328
338	LA121889-0033	2	99.41654968261719
338	LA082889-0041	3	99.17324829101562
338	LA070290-0119	4	98.87094116210938
338	LA120390-0085	5	98.65066528320312
338	LA040590-0161	6	98.58143615722656
338	LA100390-0102	7	98.25698852539062
338	FT944-8752	8	98.22377014160156
338	LA070390-0081	9	98.1641845703125
338	LA081589-0070	10	97.70086669921875
346	FR941028-1-00041	1	101.20980834960938
346	FR940429-0-00076	2	99.92144775390625
346	FT932-13789	3	99.88966369628906
346	FR940124-1-00053	4	99.84612274169922
346	FR940124-1-00050	5	99.84485626220703
346	FR940124-1-00072	6	99.80997467041016
346	FR940707-2-00036	7	98.8731918334961
346	FR941221-2-00118	8	98.82291412353516
346	FT933-10649	9	98.76166534423828
346	FR940920-2-00149	10	98.48120880126953
354	FT921-404	1	102.6705322265625
354	FT911-5245	2	99.30636596679688
354	LA101089-0073	3	98.77604675292969
354	LA101590-0117	4	98.75040435791016
354	FT921-9823	5	98.54400634765625
354	FT922-426	6	98.19507598876953
354	FT921-15547	7	98.18831634521484
354	LA070389-0074	8	98.05445861816406
354	FT941-7610	9	97.34010314941406
354	LA070790-0061	10	97.32447052001953
362	FBIS3-21762	1	98.09078979492188
362	FT932-5376	2	98.06151580810547
362	FBIS3-2234	3	97.1878433227539
362	FBIS4-45245	4	97.17182922363281
362	FBIS3-19199	5	96.87156677246094
362	FBIS3-6381	6	96.79740905761719
362	FBIS3-7159	7	96.74568176269531
362	FBIS3-48263	8	96.64591979980469
362	LA070990-0061	9	96.43391418457031
362	FBIS3-22062	10	96.26004791259766
370	FR940620-2-00038	1	101.69613647460938
370	FR941221-2-00053	2	101.60955047607422
370	FR940105-0-00052	3	101.54060363769531
370	FR940105-0-00044	4	100.97931671142578
370	FR940803-1-00030	5	100.91545867919922
370	FR940314-1-00041	6	100.51126098632812
370	LA020990-0100	7	100.42343139648438
370	LA110889-0061	8	100.38145446777344
370	FR940128-2-00143	9	100.31742095947266
370	FR940222-0-00026	10	100.30897521972656
378	FBIS3-19959	1	103.02356719970703
378	FT941-2987	2	102.85738372802734
378	FT924-10845	3	102.775146484375
378	FBIS3-39090	4	102.77509307861328
378	FT931-9157	5	102.56665802001953
378	FBIS3-20077	6	102.55897521972656
378	FT941-2087	7	102.54107666015625
378	FT944-7380	8	102.34811401367188
378	FT923-4354	9	102.23268127441406
378	FT942-835	10	102.06770324707031
386	FT932-7548	1	100.27342224121094
386	LA100690-0008	2	98.88778686523438
386	LA083090-0063	3	97.91516876220703
386	FR940725-0-00050	4	97.86972045898438
386	LA112589-0071	5	97.32032775878906
386	LA032390-0166	6	97.1333999633789
386	LA110490-0161	7	97.08285522460938
386	LA071290-0180	8	97.05198669433594
386	LA010689-0157	9	96.74803161621094
386	LA040989-0142	10	96.40296173095703
394	FT942-9445	1	97.07974243164062
394	FT922-165	2	96.89707946777344
394	FT922-4727	3	95.46794128417969
394	FBIS4-48922	4	95.18363952636719
394	FR941230-2-00125	5	95.1274185180664
394	FT931-6879	6	94.96711730957031
394	LA070289-0112	7	94.64624786376953
394	LA021190-0001	8	94.22571563720703
394	LA121690-0050	9	94.02430725097656
394	LA110490-0214	10	93.89419555664062
402	FT933-5693	1	93.66242980957031
402	FT923-7735	2	93.42195892333984
402	LA042990-0020	3	92.91780853271484
402	FT924-6735	4	91.98466491699219
402	FT921-7951	5	91.6670913696289
402	LA012589-0063	6	91.59343719482422
402	FT944-9617	7	91.56986236572266
402	FR940817-2-00249	8	91.45853424072266
402	FR940405-2-00062	9	91.431396484375
402	FT944-12908	10	91.28974151611328
410	FT924-3822	1	101.24205780029297
410	LA062090-0079	2	100.99896240234375
410	FBIS4-64577	3	100.71533966064453
410	FT922-751	4	100.53419494628906
410	FT944-4056	5	100.1478271484375
410	FT932-12074	6	99.87226867675781
410	FBIS3-59001	7	99.79385375976562
410	FBIS3-59008	8	99.52890014648438
410	FT932-16523	9	98.96475219726562
410	FT941-12878	10	98.69954681396484
418	LA052990-0059	1	96.8605728149414
418	LA072589-0049	2	96.59532928466797
418	LA120490-0133	3	96.46194458007812
418	LA090490-0034	4	96.15284729003906
418	LA051889-0088	5	95.90335845947266
418	LA102890-0220	6	95.60501098632812
418	LA032889-0050	7	95.591064453125
418	FR940413-2-00008	8	95.47819519042969
418	LA060890-0112	9	94.84501647949219
418	LA090790-0080	10	94.7134780883789
426	LA082790-0084	1	98.67317199707031
426	LA121790-0084	2	98.4969482421875
426	LA031590-0154	3	98.47207641601562
426	LA042490-0076	4	97.93936157226562
426	FT931-16885	5	97.32936096191406
426	LA011390-0008	6	96.77120208740234
426	LA012289-0186	7	96.6932373046875
426	LA080290-0011	8	96.62700653076172
426	LA082789-0196	9	96.58992004394531
426	LA113090-0061	10	96.54405975341797
434	FT942-14647	1	107.69912719726562
434	FBIS3-61392	2	107.32923889160156
434	FBIS3-42632	3	107.13662719726562
434	FBIS4-47093	4	106.61146545410156
434	FBIS3-23779	5	104.92221069335938
434	FBIS3-42853	6	104.7452621459961
434	FBIS3-24040	7	104.64628601074219
434	FBIS4-17252	8	104.53062438964844
434	FBIS3-42852	9	104.24929809570312
434	FT934-4666	10	103.8447494506836
442	FT911-5180	1	95.68412780761719
442	LA100189-0022	2	94.63740539550781
442	FT932-7507	3	94.17671203613281
442	FT921-11214	4	94.16305541992188
442	LA020190-0097	5	93.78900146484375
442	FBIS4-2254	6	93.75442504882812
442	FT932-7839	7	93.47174835205078
442	LA080990-0068	8	93.4465103149414
442	LA092790-0141	9	93.44071197509766
442	FT931-7718	10	93.38824462890625
450	FBIS4-12780	1	103.07926940917969
450	FT924-13555	2	102.8322982788086
450	LA093090-0186	3	102.62557983398438
450	FT921-3964	4	102.11640930175781
450	FT932-12056	5	102.10096740722656
450	LA020990-0117	6	101.88954162597656
450	FT924-9214	7	101.630126953125
450	FBIS3-34677	8	101.62962341308594
450	FT941-13153	9	101.5791015625
450	FBIS3-54187	10	101.56935119628906
608	FR940830-1-00040	1	99.4412841796875
608	FT942-11572	2	97.09083557128906
608	FT924-984	3	96.94005584716797
608	FR940325-2-00109	4	96.91252136230469
608	FR940707-2-00118	5	96.41687774658203
608	FR940223-2-00089	6	96.38430786132812
608	FBIS4-24381	7	96.37118530273438
608	FT933-4379	8	96.28368377685547
608	FR940705-2-00083	9	96.07235717773438
608	FR940627-2-00087	10	95.9570541381836
616	FT921-4982	1	106.26078033447266
616	FT923-7999	2	104.32150268554688
616	FT923-10115	3	103.49617004394531
616	FT943-3983	4	101.66067504882812
616	FT942-6441	5	101.43226623535156
616	FT932-3414	6	101.40635681152344
616	FT942-12809	7	100.41456604003906
616	FT911-1193	8	100.26134490966797
616	FT934-8286	9	100.2222900390625
616	FT922-8096	10	100.04206848144531
624	FT922-12951	1	105.7601318359375
624	FT924-5422	2	103.29566955566406
624	LA121089-0218	3	102.62922668457031
624	LA120689-0114	4	102.47468566894531
624	LA042690-0184	5	101.68363952636719
624	FT933-11260	6	101.22621154785156
624	LA042289-0070	7	101.03369903564453
624	LA032889-0135	8	99.57462310791016
624	LA012790-0154	9	97.92454528808594
624	FBIS3-43454	10	97.54197692871094
632	FT923-8113	1	103.0007553100586
632	FT922-5564	2	102.0267105102539
632	FT932-11184	3	101.76618194580078
632	FT931-345	4	101.2988510131836
632	FT911-4912	5	101.25031280517578
632	FT934-12249	6	101.18352508544922
632	FT934-14588	7	100.40558624267578
632	FT934-14583	8	100.37142181396484
632	FT943-9143	9	100.27486419677734
632	FT942-9756	10	99.73471069335938
640	FT944-15308	1	103.43682098388672
640	FT931-9324	2	102.99021911621094
640	FT924-12923	3	102.11815643310547
640	FT931-13452	4	101.91609954833984
640	FT933-467	5	101.0860595703125
640	FT944-15813	6	100.98115539550781
640	FT924-12511	7	100.9516830444336
640	FT921-3529	8	100.50389862060547
640	LA062990-0183	9	99.04022216796875
640	FT934-4522	10	98.99654388427734
648	LA051890-0054	1	105.26583862304688
648	LA051890-0055	2	104.45911407470703
648	LA051790-0183	3	104.40458679199219
648	LA072790-0004	4	102.3285903930664
648	LA051390-0161	5	100.02182006835938
648	LA102790-0043	6	99.81219482421875
648	LA102990-0050	7	99.5917739868164
648	LA102990-0049	8	99.5917739868164
648	LA062990-0183	9	99.10816955566406
648	LA102690-0134	10	98.77693176269531
656	FR941102-1-00121	1	103.48016357421875
656	FR941102-1-00120	2	102.37870788574219
656	LA032590-0171	3	101.62344360351562
656	LA070989-0148	4	101.10201263427734
656	FR940512-1-00089	5	101.08575439453125
656	FR940114-2-00064	6	99.11113739013672
656	FR940406-2-00070	7	99.0755386352539
656	FR940512-1-00100	8	98.86288452148438
656	FR940512-1-00099	9	98.75100708007812
656	LA060989-0119	10	98.67213439941406
664	LA052290-0104	1	105.28042602539062
664	LA050989-0003	2	103.28872680664062
664	LA111689-0084	3	103.15821075439453
664	LA111589-0048	4	103.13380432128906
664	LA080590-0048	5	102.92608642578125
664	LA052189-0188	6	102.81541442871094
664	LA111589-0065	7	102.6077651977539
664	LA111489-0003	8	101.41019439697266
664	LA063089-0034	9	101.30351257324219
664	FT944-17176	10	100.98018646240234
672	LA052590-0061	1	97.9500503540039
672	FR940504-2-00083	2	97.81095123291016
672	LA060790-0120	3	97.6653060913086
672	FR940826-2-00120	4	97.28257751464844
672	LA060890-0134	5	97.22198486328125
672	FT944-10268	6	96.7374038696289
672	LA061090-0218	7	96.52796173095703
672	FR940224-2-00121	8	96.04352569580078
672	FR940613-2-00086	9	95.9139404296875
672	LA120989-0095	10	95.59329223632812
680	LA121089-0085	1	100.296875
680	LA070390-0137	2	99.82642364501953
680	LA092189-0212	3	99.31069946289062
680	LA101590-0098	4	99.28836822509766
680	LA062989-0128	5	98.9264144897461
680	LA020989-0002	6	98.61116027832031
680	FBIS4-33436	7	98.61080932617188
680	LA032990-0014	8	98.50029754638672
680	LA090590-0100	9	98.33080291748047
680	LA061290-0110	10	97.61737060546875
688	FT934-4074	1	98.31537628173828
688	LA102090-0143	2	95.99348449707031
688	FR940224-2-00160	3	95.40193939208984
688	LA012689-0015	4	95.39893341064453
688	FT923-527	5	95.1050033569336
688	LA082090-0008	6	94.88092041015625
688	LA060489-0040	7	94.88044738769531
688	LA061589-0155	8	94.70035552978516
688	LA033089-0023	9	94.60660552978516
688	LA041689-0002	10	94.5343017578125
696	LA011189-0158	1	95.11993408203125
696	LA100790-0250	2	94.93571472167969
696	LA071090-0002	3	94.74655151367188
696	FT934-16942	4	94.6278305053711
696	FT922-12156	5	94.62254333496094
696	FT932-769	6	94.22712707519531
696	FT922-8331	7	94.16272735595703
696	LA092489-0024	8	94.10155487060547
696	LA032790-0089	9	93.96703338623047
696	FT934-13388	10	93.90676879882812
307	FBIS3-26920	1	102.61082458496094
307	FBIS4-33116	2	102.35154724121094
307	FR940930-2-00024	3	102.19950103759766
307	FT923-10241	4	100.88416290283203
307	FBIS3-4137	5	100.58901977539062
307	FR940816-2-00031	6	100.5383529663086
307	FT942-4421	7	100.41249084472656
307	FT931-16271	8	100.34676361083984
307	FR940804-2-00059	9	100.22301483154297
307	FT921-474	10	100.2074203491211
315	LA082290-0128	1	98.55587768554688
315	LA082089-0091	2	98.51506042480469
315	LA092389-0139	3	98.10787963867188
315	LA071290-0012	4	98.00115966796875
315	LA082490-0144	5	97.57069396972656
315	LA041490-0087	6	97.41883850097656
315	LA042490-0090	7	97.32829284667969
315	LA121789-0242	8	97.2537841796875
315	LA082390-0027	9	97.17903137207031
315	LA021590-0165	10	96.99878692626953
323	FT932-8211	1	100.9135971069336
323	LA072190-0055	2	98.85084533691406
323	LA072190-0056	3	98.42509460449219
323	LA102689-0011	4	98.1547622680664
323	LA071789-0021	5	97.91516876220703
323	FT911-2797	6	97.29261016845703
323	LA010790-0054	7	97.10521697998047
323	FT924-7650	8	96.82301330566406
323	LA022590-0113	9	96.6546630859375
323	FT932-8236	10	96.58133697509766
331	FT933-939	1	104.24903106689453
331	FT922-1818	2	103.71021270751953
331	FT933-936	3	103.70175170898438
331	FT933-8483	4	103.60503387451172
331	FT924-12813	5	103.51032257080078
331	FT944-13306	6	103.06480407714844
331	FT941-3543	7	102.91380310058594
331	FT933-6337	8	102.76896667480469
331	FT931-4098	9	102.56055450439453
331	FT933-14976	10	102.48771667480469
339	LA050290-0159	1	106.47343444824219
339	LA072489-0041	2	105.41683197021484
339	LA082090-0069	3	104.27691650390625
339	LA020590-0126	4	103.01406860351562
339	FT942-17255	5	101.49649047851562
339	LA051989-0006	6	100.38094329833984
339	FT933-3956	7	99.51055908203125
339	FT932-7262	8	99.49980163574219
339	FT922-715	9	98.77560424804688
339	FT944-10282	10	98.54430389404297
347	FT943-5087	1	103.5073471069336
347	FT944-8277	2	100.7899169921875
347	LA052189-0025	3	100.54432678222656
347	LA080990-0032	4	98.47388458251953
347	LA012089-0087	5	98.29639434814453
347	FT934-6289	6	98.24828338623047
347	LA012389-0012	7	98.04734802246094
347	FBIS4-21422	8	97.9759750366211
347	LA081790-0078	9	97.65248107910156
347	LA122390-0067	10	97.5948715209961
355	FBIS4-20436	1	101.75251770019531
355	FBIS3-42525	2	96.7582778930664
355	FR940505-1-00449	3	96.41332244873047
355	FT934-2218	4	96.03577423095703
355	FBIS3-23687	5	95.9236068725586
355	FR941006-2-00016	6	95.36768341064453
355	FR940203-0-00076	7	95.10648345947266
355	FR940203-2-00010	8	95.0367431640625
355	FBIS3-61488	9	94.81521606445312
355	FR940504-1-00041	10	94.78245544433594
363	FT941-7101	1	100.1578369140625
363	FT941-7105	2	99.58909606933594
363	FT924-5558	3	99.24525451660156
363	FT942-3862	4	99.0906982421875
363	FT943-3240	5	98.52053833007812
363	FT932-17457	6	98.37258911132812
363	FT924-11139	7	98.22490692138672
363	FT931-12899	8	98.13699340820312
363	FT922-13065	9	97.96844482421875
363	LA071490-0079	10	97.80168914794922
371	FT943-3468	1	95.24811553955078
371	FT933-2419	2	95.23590850830078
371	FR940719-2-00084	3	95.17049407958984
371	FT924-4055	4	94.92774963378906
371	FT933-2350	5	94.91438293457031
371	FT932-9008	6	94.79719543457031
371	LA010890-0006	7	94.61778259277344
371	LA083189-0052	8	94.56754302978516
371	FT943-16410	9	94.39949035644531
371	FT933-2354	10	94.3753662109375
379	LA110890-0003	1	100.82597351074219
379	LA030790-0104	2	95.80552673339844
379	LA061789-0046	3	95.3427734375
379	LA110890-0095	4	95.2430648803711
379	LA112590-0054	5	95.09809112548828
379	FT934-6431	6	94.9147720336914
379	FT944-6836	7	94.82254028320312
379	FT933-16687	8	94.30567932128906
379	FT922-8834	9	94.27601623535156
379	FT941-411	10	94.11268615722656
387	FBIS3-19332	1	104.42765045166016
387	LA073189-0071	2	103.8460922241211
387	FT944-8324	3	103.51310729980469
387	FBIS3-22448	4	103.50286865234375
387	FBIS4-64772	5	103.50007629394531
387	FT911-2041	6	103.47943115234375
387	FT944-9356	7	103.40652465820312
387	FR940406-2-00182	8	103.107421875
387	FT941-12824	9	102.95707702636719
387	FBIS4-32622	10	102.86683654785156
395	FT923-6468	1	99.96377563476562
395	LA072389-0045	2	99.54154205322266
395	FT924-13746	3	98.56218719482422
395	FT924-1494	4	98.3641128540039
395	FT944-12438	5	98.03263854980469
395	FT943-44	6	97.94597625732422
395	FT944-13218	7	97.50443267822266
395	FT924-6293	8	97.35784149169922
395	FT923-11087	9	97.3541030883789
395	FT924-5759	10	97.34564971923828
403	LA020490-0136	1	101.48280334472656
403	LA011389-0029	2	99.79933166503906
403	LA032290-0151	3	99.6983871459961
403	LA071290-0133	4	98.87222290039062
403	FR940912-2-00088	5	98.75293731689453
403	FR940525-1-00079	6	97.55854797363281
403	LA030689-0082	7	97.40328979492188
403	LA010390-0067	8	97.3335189819336
403	LA092890-0067	9	97.13297271728516
403	LA010790-0103	10	96.85382080078125
411	LA100189-0095	1	99.55156707763672
411	LA122790-0056	2	97.27914428710938
411	LA070890-0215	3	96.51939392089844
411	LA070890-0169	4	96.16514587402344
411	FT922-13211	5	95.6781234741211
411	LA052490-0022	6	95.65235900878906
411	LA030890-0031	7	95.57139587402344
411	FT932-4727	8	95.39713287353516
411	FT922-4205	9	95.27735900878906
411	FT924-15752	10	95.12388610839844
419	FBIS4-67400	1	99.20281219482422
419	FT923-438	2	98.49081420898438
419	FT922-4531	3	96.12887573242188
419	FT941-17541	4	95.78595733642578
419	FT942-1896	5	95.37761688232422
419	FR940916-1-00051	6	95.21390533447266
419	FR940916-1-00052	7	95.08605194091797
419	FT942-12569	8	95.08162689208984
419	FT934-9592	9	94.98918914794922
419	FT923-12524	10	94.89779663085938
427	LA082089-0008	1	99.79084014892578
427	FR940405-1-00143	2	97.71127319335938
427	FR941028-2-00203	3	96.98446655273438
427	FT933-1362	4	96.65306091308594
427	LA042390-0089	5	95.52925109863281
427	FT933-10912	6	95.30084991455078
427	FT933-4681	7	94.81502532958984
427	LA103190-0163	8	94.40364837646484
427	LA021289-0038	9	94.27114868164062
427	FT923-9797	10	94.20147705078125
435	FT943-8138	1	100.22593688964844
435	FT943-8239	2	99.44047546386719
435	LA102689-0071	3	99.41109466552734
435	FT934-7698	4	99.11640930175781
435	LA052189-0156	5	98.64323425292969
435	LA080590-0025	6	98.62039184570312
435	LA020189-0053	7	98.44691467285156
435	FT922-10566	8	97.81491088867188
435	LA051190-0078	9	97.79895782470703
435	FT922-11731	10	97.69589233398438
443	FT924-6026	1	104.91118621826172
443	FT934-7736	2	103.38175201416016
443	FT942-5887	3	101.34939575195312
443	FT934-7735	4	100.8536148071289
443	FBIS4-24194	5	100.74449157714844
443	FT933-5769	6	100.6592788696289
443	FT924-4785	7	100.59022521972656
443	FT944-8883	8	100.22491455078125
443	FT924-5594	9	100.13248443603516
443	FT941-10902	10	99.88851928710938
601	FT944-10568	1	105.10946655273438
601	FT931-10200	2	103.92595672607422
601	FT923-9764	3	102.81710052490234
601	FT931-13722	4	102.79116821289062
601	FT932-15240	5	102.1675033569336
601	FT931-14451	6	102.04594421386719
601	FT923-11593	7	102.01835632324219
601	FT923-11594	8	100.99703216552734
601	FBIS3-34943	9	100.75702667236328
601	FBIS3-53517	10	100.61515808105469
609	FT933-10079	1	103.0951919555664
609	FBIS3-9210	2	102.13313293457031
609	LA070990-0085	3	101.46554565429688
609	LA070690-0084	4	101.02995300292969
609	FT931-3767	5	98.11683654785156
609	FT931-14259	6	97.99667358398438
609	FT943-11212	7	97.88299560546875
609	FT932-1944	8	97.73786926269531
609	FT943-12492	9	97.37088012695312
609	FT931-5342	10	96.27424621582031
617	FT944-12369	1	104.9423599243164
617	FBIS3-10309	2	104.7969970703125
617	FBIS4-47059	3	104.3995361328125
617	FBIS3-36211	4	104.38111877441406
617	FT932-7462	5	103.56686401367188
617	FBIS4-33902	6	102.70280456542969
617	FBIS4-38629	7	102.68124389648438
617	FBIS3-17768	8	102.46820831298828
617	FBIS3-12046	9	101.66515350341797
617	FBIS3-24655	10	101.5555648803711
625	FBIS4-21838	1	104.3583984375
625	FT931-5357	2	102.64517211914062
625	FT944-899	3	101.57070922851562
625	LA031289-0140	4	100.72441864013672
625	LA081189-0091	5	100.64839935302734
625	FT931-1391	6	100.53828430175781
625	LA081189-0050	7	100.5226821899414
625	FT932-1095	8	100.46614837646484
625	LA062889-0129	9	100.26264190673828
625	FT931-4255	10	100.17744445800781
633	FT922-5037	1	99.51868438720703
633	FT921-4676	2	99.38653564453125
633	FT922-8623	3	99.12158203125
633	FT924-3648	4	98.60791778564453
633	FT944-13056	5	98.09819030761719
633	FT921-6186	6	97.83393096923828
633	FT944-2579	7	97.63615417480469
633	FT944-2417	8	97.63615417480469
633	FT942-5480	9	97.61556243896484
633	FT923-3284	10	97.61483764648438
641	LA033189-0109	1	102.04537963867188
641	LA120989-0014	2	99.53813171386719
641	LA041689-0032	3	99.31947326660156
641	LA110989-0087	4	98.22259521484375
641	LA041989-0012	5	98.11141967773438
641	LA071889-0013	6	98.1092300415039
641	LA060189-0093	7	97.73556518554688
641	LA042089-0043	8	97.34197235107422
641	LA071589-0075	9	97.06959533691406
641	LA110589-0102	10	97.04869079589844
649	LA101289-0156	1	105.75468444824219
649	FT921-5724	2	105.04066467285156
649	FT921-4867	3	104.86737060546875
649	LA091289-0148	4	104.59321594238281
649	FT941-13624	5	103.75435638427734
649	LA101389-0050	6	103.59233093261719
649	LA101089-0139	7	103.5239486694336
649	FT942-15716	8	103.03299713134766
649	FT944-9024	9	102.8096694946289
649	FT942-578	10	102.46565246582031
657	LA090389-0150	1	103.88752746582031
657	LA052189-0047	2	103.44068145751953
657	LA060590-0018	3	101.10884094238281
657	LA053089-0108	4	100.3694076538086
657	LA020890-0187	5	99.58170318603516
657	LA060590-0129	6	99.345458984375
657	LA011589-0109	7	99.04817199707031
657	LA042190-0027	8	98.6136703491211
657	LA122290-0130	9	98.23865509033203
657	LA092989-0005	10	97.16593933105469
665	FT933-858	1	101.11717224121094
665	FT941-2906	2	100.10710906982422
665	FT933-5757	3	99.99171447753906
665	LA040890-0169	4	99.6435546875
665	FT943-10426	5	99.60214233398438
665	FBIS4-20721	6	99.22099304199219
665	FT934-16727	7	99.17152404785156
665	FBIS4-23299	8	99.15509796142578
665	LA071690-0091	9	98.91960906982422
665	FT933-5756	10	98.91724395751953
673	LA020789-0116	1	105.09567260742188
673	LA011189-0094	2	105.01443481445312
673	LA012689-0112	3	104.2288589477539
673	LA011689-0035	4	104.12077331542969
673	LA020689-0082	5	103.5904541015625
673	LA031789-0071	6	103.28422546386719
673	LA020689-0025	7	103.22091674804688
673	FBIS3-37475	8	102.9134521484375
673	LA080390-0165	9	102.53895568847656
673	LA010589-0001	10	102.44570922851562
681	FT934-14106	1	103.18789672851562
681	FT932-15540	2	102.8253402709961
681	FT922-15436	3	101.91533660888672
681	FT922-13005	4	101.47371673583984
681	FT923-6983	5	101.31819152832031
681	FT923-6721	6	101.18446350097656
681	FT932-15966	7	101.09043884277344
681	FT941-17533	8	100.55887603759766
681	FBIS3-21074	9	100.45328521728516
681	FT933-7140	10	100.21858215332031
689	FR940627-2-00037	1	101.18644714355469
689	FR941004-1-00108	2	101.06449127197266
689	FR941004-1-00072	3	99.63615417480469
689	FR940406-2-00162	4	99.48953247070312
689	FR940513-2-00083	5	99.233642578125
689	FR940504-2-00054	6	99.04315948486328
689	FR941004-1-00073	7	98.85678100585938
689	FR941004-1-00081	8	98.43208312988281
689	FR940318-2-00079	9	98.04838562011719
689	FR940406-2-00158	10	97.98583221435547
697	LA012989-0159	1	102.88331604003906
697	LA031089-0073	2	99.51719665527344
697	FT934-5136	3	98.8679428100586
697	LA052589-0119	4	98.79293823242188
697	FT923-12324	5	98.60694885253906
697	FT943-10431	6	98.53211975097656
697	FBIS4-46886	7	98.51242065429688
697	FBIS3-27231	8	98.51233673095703
697	FR940105-0-00025	9	98.38845825195312
697	LA061989-0099	10	98.28368377685547
308	LA070489-0051	1	99.92452239990234
308	FR940721-1-00082	2	96.20021057128906
308	LA022790-0006	3	94.92430114746094
308	LA122289-0149	4	94.46516418457031
308	FR940721-1-00090	5	94.14514923095703
308	FR940214-1-00036	6	93.70002746582031
308	FBIS3-59776	7	93.59634399414062
308	FR941207-0-00055	8	93.53850555419922
308	LA111890-0259	9	92.95506286621094
308	FR941207-0-00054	10	92.87531280517578
316	LA020589-0042	1	93.61701202392578
316	FT942-4193	2	92.65962219238281
316	LA012789-0030	3	91.88285827636719
316	FT931-15177	4	91.75688171386719
316	LA053190-0069	5	90.90499877929688
316	FT924-4972	6	90.66297149658203
316	LA051490-0008	7	90.63651275634766
316	FT944-8459	8	90.59619903564453
316	FT921-13875	9	90.33975982666016
316	LA071189-0107	10	90.29570770263672
324	FBIS4-57975	1	107.53878784179688
324	FT942-8521	2	106.05389404296875
324	FBIS3-19947	3	106.0455322265625
324	FT934-11440	4	105.57009887695312
324	FT942-8527	5	105.51052856445312
324	LA021690-0066	6	104.92153930664062
324	LA080289-0074	7	104.75328063964844
324	LA081889-0151	8	104.65315246582031
324	FT932-17486	9	104.31534576416016
324	FBIS4-57354	10	104.20870971679688
332	FT931-4526	1	101.1601791381836
332	FT934-9389	2	100.74110412597656
332	FT944-18793	3	100.29127502441406
332	FT922-13597	4	99.96307373046875
332	FBIS4-25245	5	99.75749206542969
332	FT934-15748	6	99.48699951171875
332	FBIS4-41103	7	99.43815612792969
332	FBIS3-44644	8	99.3108901977539
332	FT923-3631	9	99.19493865966797
332	FT933-4839	10	99.01237487792969
340	LA102390-0067	1	105.10140228271484
340	FT941-6884	2	101.9470443725586
340	LA042390-0049	3	100.65162658691406
340	FBIS3-940	4	100.43641662597656
340	FT943-11670	5	99.2959213256836
340	FT911-826	6	99.2935562133789
340	FT923-9060	7	99.1558837890625
340	FT922-3476	8	99.10144805908203
340	FT942-4803	9	99.05790710449219
340	LA100990-0079	10	99.04428100585938
348	LA012190-0028	1	97.21127319335938
348	LA041489-0127	2	94.34121704101562
348	FT941-11855	3	92.74740600585938
348	FT932-14380	4	91.99464416503906
348	FT941-8354	5	91.79876708984375
348	LA053189-0017	6	91.63546752929688
348	LA060589-0049	7	91.55098724365234
348	FT944-5296	8	91.49618530273438
348	LA032089-0021	9	91.33438110351562
348	LA111290-0137	10	91.1157455444336
356	FT932-1044	1	97.06704711914062
356	FT934-4626	2	96.93954467773438
356	LA080289-0067	3	96.53445434570312
356	FT943-206	4	95.67228698730469
356	FT941-4240	5	95.36521911621094
356	FBIS3-41803	6	94.78421020507812
356	FT922-1986	7	94.1165771484375
356	FT941-4894	8	94.01176452636719
356	FBIS3-41795	9	93.9034423828125
356	LA121489-0052	10	93.83377075195312
364	FT923-5564	1	100.32681274414062
364	FBIS3-22674	2	99.87892150878906
364	FBIS3-22604	3	99.5841293334961
364	FT931-16883	4	99.3577651977539
364	FBIS3-22622	5	98.38236999511719
364	FBIS3-4916	6	98.35775756835938
364	FR941006-1-00005	7	98.09837341308594
364	FR941006-1-00007	8	97.81358337402344
364	FT922-961	9	97.527587890625
364	FBIS3-22643	10	97.32991027832031
372	FT923-10784	1	104.04296875
372	LA090389-0160	2	99.44084167480469
372	FT943-6218	3	97.98426818847656
372	LA080889-0069	4	97.54773712158203
372	LA060390-0083	5	97.44171142578125
372	LA020989-0127	6	96.8597640991211
372	LA042890-0078	7	96.70008087158203
372	LA090690-0021	8	96.04315948486328
372	LA041189-0016	9	95.95989990234375
372	FT941-15351	10	95.77459716796875
380	LA082390-0077	1	95.2250747680664
380	FT934-704	2	94.17379760742188
380	FR940602-2-00059	3	93.57455444335938
380	FT933-2692	4	92.15060424804688
380	FT922-9829	5	92.06619262695312
380	FT922-9398	6	91.55088806152344
380	LA070889-0056	7	91.28886413574219
380	FT922-9286	8	90.93064880371094
380	FR940610-1-00089	9	90.85281372070312
380	FT921-10268	10	90.7701416015625
388	LA090990-0241	1	98.20851135253906
388	FT933-12867	2	96.90279388427734
388	LA110289-0022	3	96.12268829345703
388	FBIS4-45804	4	96.07039642333984
388	FT943-2847	5	96.01110076904297
388	FT942-8335	6	95.95819091796875
388	FT934-8411	7	95.71234130859375
388	FT933-11234	8	95.44688415527344
388	LA110490-0250	9	95.2072525024414
388	FBIS4-45663	10	95.10871124267578
396	FT923-7392	1	107.30108642578125
396	FT923-9638	2	105.51073455810547
396	FR940405-1-00092	3	104.03046417236328
396	LA100690-0080	4	102.23485565185547
396	FT923-4291	5	101.95694732666016
396	FR940405-1-00040	6	97.06059265136719
396	FR940405-1-00035	7	96.87994384765625
396	FT943-3526	8	96.23434448242188
396	FR940405-1-00039	9	94.53973388671875
396	LA022289-0107	10	94.3218765258789
404	FT941-3772	1	106.64936828613281
404	FT934-11927	2	105.8861083984375
404	FT934-11257	3	105.79051208496094
404	FT941-4712	4	105.6413345336914
404	FT942-16203	5	105.53621673583984
404	FT934-8997	6	105.32670593261719
404	FT923-5138	7	105.29086303710938
404	FT934-977	8	105.03639221191406
404	FT931-5267	9	104.9228515625
404	FT941-10557	10	104.81666564941406
412	FR941206-1-00143	1	101.77259826660156
412	LA100189-0090	2	101.5586929321289
412	LA041890-0141	3	101.28518676757812
412	LA021790-0109	4	101.28379821777344
412	LA100589-0098	5	100.66365051269531
412	FBIS3-60767	6	100.59249877929688
412	LA021489-0071	7	100.41709899902344
412	FR941206-1-00140	8	100.24700927734375
412	LA092689-0003	9	99.931640625
412	FT933-6584	10	99.89054870605469
420	LA121590-0108	1	105.92667388916016
420	LA030389-0055	2	104.1015625
420	FT933-12618	3	102.30422973632812
420	LA020689-0022	4	101.45225524902344
420	LA112789-0026	5	101.30493927001953
420	LA010390-0086	6	101.15287780761719
420	FT933-12612	7	101.03893280029297
420	LA010489-0041	8	100.74595642089844
420	LA121890-0152	9	99.78472137451172
420	LA120789-0075	10	98.72634887695312
428	FT943-8321	1	102.70733642578125
428	LA030990-0060	2	101.56524658203125
428	LA083090-0246	3	101.41780090332031
428	LA120790-0115	4	100.3449935913086
428	FBIS4-22416	5	99.1143798828125
428	LA090990-0090	6	98.6605453491211
428	FBIS4-68624	7	98.38729095458984
428	FT943-70	8	98.35003662109375
428	LA062189-0133	9	98.10952758789062
428	FBIS3-22186	10	97.96014404296875
436	FT931-12899	1	106.73678588867188
436	FT944-5220	2	105.58119201660156
436	FT943-8915	3	104.62141418457031
436	FT941-1173	4	104.59005737304688
436	FT941-7101	5	103.95266723632812
436	FT931-12906	6	103.83299255371094
436	FT922-12193	7	103.65232849121094
436	FT931-14769	8	103.6502914428711
436	FT932-14043	9	103.5931396484375
436	LA030889-0010	10	103.59161376953125
444	FBIS4-45803	1	98.69132232666016
444	FR940318-0-00170	2	94.83712005615234
444	FT943-7443	3	93.05249786376953
444	LA012990-0089	4	92.60231018066406
444	FT943-4354	5	92.59040069580078
444	FT942-4166	6	92.47579956054688
444	LA052890-0041	7	92.28205871582031
444	FBIS3-43112	8	92.06771850585938
444	FT943-10562	9	92.01244354248047
444	FBIS4-66412	10	91.95983123779297
602	FT923-13484	1	104.30223846435547
602	FT921-1623	2	104.13938903808594
602	FBIS3-30249	3	102.93415832519531
602	FBIS3-50217	4	102.82381439208984
602	FT924-14895	5	102.7132339477539
602	FBIS3-31818	6	102.62496185302734
602	FT934-11235	7	102.39375305175781
602	FBIS4-55640	8	102.33931732177734
602	FBIS3-30247	9	102.31735229492188
602	FBIS3-49378	10	102.2851791381836
610	FT921-936	1	102.79141235351562
610	FR940204-2-00109	2	101.37921142578125
610	FT921-258	3	101.1463851928711
610	FT921-5263	4	100.94723510742188
610	FT921-5893	5	100.88888549804688
610	FT922-14687	6	100.81718444824219
610	FT921-280	7	100.16895294189453
610	FT921-1131	8	99.88778686523438
610	FT943-11230	9	99.80979919433594
610	FR940204-2-00110	10	99.2277603149414
618	LA060689-0056	1	105.40131378173828
618	LA060689-0019	2	105.32182312011719
618	LA061289-0017	3	105.24813079833984
618	LA060590-0034	4	105.11565399169922
618	LA071489-0009	5	104.58148193359375
618	LA052689-0132	6	104.50067138671875
618	LA053089-0037	7	104.49223327636719
618	LA060689-0147	8	104.26396179199219
618	LA060589-0056	9	104.24928283691406
618	LA061289-0016	10	104.0574951171875
626	FR941003-0-00080	1	100.17312622070312
626	FT941-8535	2	98.21907043457031
626	FT944-7609	3	97.96319580078125
626	FT942-7622	4	97.28462982177734
626	FT944-6429	5	96.82931518554688
626	FT944-5006	6	96.80460357666016
626	LA072989-0053	7	96.3590087890625
626	FBIS4-60493	8	95.56107330322266
626	FBIS4-60291	9	95.44664001464844
626	FT931-3883	10	95.01581573486328
634	LA032390-0070	1	105.4739990234375
634	LA032290-0239	2	104.36119842529297
634	LA111689-0145	3	103.04855346679688
634	LA061390-0007	4	102.34213256835938
634	LA053190-0019	5	101.79360961914062
634	LA071090-0010	6	99.82234191894531
634	LA071190-0137	7	99.77970886230469
634	LA060490-0010	8	98.5560531616211
634	LA112789-0001	9	97.69302368164062
634	LA111290-0107	10	97.57110595703125
642	LA060289-0161	1	107.56028747558594
642	FT943-15454	2	107.40217590332031
642	FBIS3-3419	3	105.92232513427734
642	LA060490-0019	4	105.89517211914062
642	FT942-5501	5	105.74723815917969
642	LA060290-0122	6	105.72915649414062
642	FT942-5500	7	105.180419921875
642	LA060390-0071	8	104.79790496826172
642	LA042289-0002	9	104.66754913330078
642	LA042289-0071	10	104.63185119628906
650	LA040690-0139	1	104.25514221191406
650	LA062689-0056	2	103.93893432617188
650	LA010890-0106	3	103.55203247070312
650	LA120589-0053	4	103.09770202636719
650	LA082889-0002	5	103.00048065185547
650	LA120489-0113	6	102.70783996582031
650	LA031089-0144	7	102.66938018798828
650	LA103090-0078	8	102.63925170898438
650	LA091190-0092	9	102.20594024658203
650	LA011090-0161	10	102.17477416992188
658	LA112290-0175	1	97.97474670410156
658	LA022489-0162	2	97.82398986816406
658	LA122690-0090	3	97.44770812988281
658	LA012590-0152	4	96.52167510986328
658	LA113089-0117	5	96.4296646118164
658	LA092090-0188	6	96.1558837890625
658	LA052090-0178	7	96.14457702636719
658	LA051789-0012	8	96.10531616210938
658	LA041890-0107	9	96.07542419433594
658	LA051190-0035	10	95.99834442138672
666	LA110290-0095	1	105.2900161743164
666	LA080489-0162	2	104.06571197509766
666	LA112390-0067	3	103.40812683105469
666	LA103089-0082	4	103.17486572265625
666	FT921-1696	5	102.92402648925781
666	LA102889-0095	6	102.85724639892578
666	FT922-14203	7	102.79305267333984
666	LA062089-0065	8	102.55249786376953
666	FT932-4223	9	102.34239196777344
666	FT924-15831	10	102.32537841796875
674	FT933-5458	1	101.13655853271484
674	FT943-15099	2	100.52650451660156
674	LA120689-0040	3	100.51123046875
674	FT921-876	4	100.12892150878906
674	FT944-10010	5	100.12310791015625
674	FT933-5742	6	100.09135437011719
674	FT941-14241	7	99.99177551269531
674	FT933-204	8	99.50559997558594
674	FT922-6190	9	99.50515747070312
674	FT923-2999	10	99.32438659667969
682	LA032990-0014	1	97.37557983398438
682	LA090790-0122	2	95.69127655029297
682	FT942-10673	3	94.77533721923828
682	LA082689-0111	4	94.39253234863281
682	FBIS4-34124	5	94.19425964355469
682	LA072990-0147	6	94.04000091552734
682	LA080290-0041	7	94.01791381835938
682	FR940825-1-00085	8	93.89669036865234
682	LA042390-0086	9	93.6920166015625
682	LA031389-0068	10	93.44490051269531
690	FT931-16546	1	97.46106719970703
690	FT933-8563	2	94.71278381347656
690	FT941-3723	3	94.0494384765625
690	FT942-3641	4	93.78729248046875
690	FT941-5877	5	93.50421142578125
690	FR940203-2-00136	6	93.45491027832031
690	LA052590-0053	7	93.4462661743164
690	FR940104-0-00077	8	93.34675598144531
690	FT932-5143	9	93.33602142333984
690	FR940323-2-00093	10	93.2607421875
698	FBIS3-43757	1	99.71351623535156
698	FBIS3-22475	2	98.85096740722656
698	FBIS3-43258	3	98.4551773071289
698	FT943-8321	4	97.42860412597656
698	FBIS3-22485	5	97.36337280273438
698	FBIS3-22591	6	97.19827270507812
698	FBIS3-22470	7	97.12736511230469
698	FBIS4-125	8	96.70339965820312
698	FBIS3-22595	9	96.64976501464844
698	FT932-3794	10	96.54954528808594
