3990512	3265991_12	1	41.943458557128906
3990512	2036065_1	2	41.80062484741211
3990512	971642_3	3	39.40070343017578
3990512	248974_2	4	36.75892639160156
3990512	4087614_7	5	32.971031188964844
3990512	3990512_1	6	32.953330993652344
3990512	4366141_0	7	32.51389694213867
3990512	1408062_3	8	32.402923583984375
3990512	311770_2	9	32.36986541748047
3990512	4391498_0	10	32.14680099487305
1351675	1174259_3	1	30.085445404052734
1351675	1220420_2	2	29.60782814025879
1351675	2433635_6	3	29.562028884887695
1351675	3089731_0	4	29.489534378051758
1351675	1134240_3	5	29.46803092956543
1351675	2230894_0	6	29.419633865356445
1351675	1504468_8	7	29.257339477539062
1351675	2881153_0	8	29.01256561279297
1351675	4327777_2	9	29.005775451660156
1351675	3902668_1	10	28.783784866333008
2814599	2814599_5	1	39.09217834472656
2814599	2814599_0	2	38.864192962646484
2814599	2814599_1	3	36.619468688964844
2814599	2814599_3	4	33.7382926940918
2814599	1384405_2	5	29.781578063964844
2814599	2779962_1	6	29.627222061157227
2814599	317530_1	7	29.566259384155273
2814599	2814599_4	8	29.47665023803711
2814599	4313732_4	9	28.927181243896484
2814599	2753539_1	10	28.700498580932617
3910925	3720632_7	1	40.87278747558594
3910925	3910925_9	2	40.25514602661133
3910925	2556570_2	3	39.798309326171875
3910925	1961993_3	4	39.782772064208984
3910925	601072_7	5	39.77721405029297
3910925	2065163_0	6	39.751312255859375
3910925	1825763_5	7	39.58965301513672
3910925	1825763_2	8	39.48689270019531
3910925	3143517_4	9	39.370704650878906
3910925	4428185_0	10	39.340084075927734
4462511	582850_3	1	39.6323127746582
4462511	1852661_5	2	38.471099853515625
4462511	582850_8	3	36.339481353759766
4462511	582850_6	4	34.24064254760742
4462511	3682952_6	5	33.69860076904297
4462511	514592_6	6	33.55204391479492
4462511	514592_4	7	33.31451416015625
4462511	4462511_0	8	33.24689483642578
4462511	2335838_3	9	32.532379150390625
4462511	1427998_1	10	32.42362594604492
3499881	3499881_11	1	35.6568717956543
3499881	256524_2	2	34.808841705322266
3499881	3549261_7	3	33.753841400146484
3499881	3193262_3	4	33.377201080322266
3499881	3193262_10	5	33.21476745605469
3499881	3089958_18	6	32.71052551269531
3499881	3499881_2	7	31.161094665527344
3499881	3076949_10	8	30.729434967041016
3499881	3442943_2	9	29.357318878173828
3499881	3726712_4	10	29.194942474365234
2892478	4394257_0	1	33.584659576416016
2892478	396703_8	2	33.06099319458008
2892478	3437121_2	3	32.98571014404297
2892478	2097756_0	4	32.11307144165039
2892478	2247206_3	5	31.747848510742188
2892478	3704337_1	6	31.65483856201172
2892478	1830814_8	7	31.629066467285156
2892478	3029937_2	8	31.503543853759766
2892478	989850_8	9	31.260513305664062
2892478	259425_5	10	31.24570655822754
4190287	1256399_1	1	46.28313446044922
4190287	4190287_3	2	43.345542907714844
4190287	1256399_0	3	38.30787658691406
4190287	4292058_2	4	35.21281814575195
4190287	3921841_2	5	34.09254837036133
4190287	350805_5	6	33.00503158569336
4190287	4190287_9	7	32.962738037109375
4190287	1134648_7	8	32.8951530456543
4190287	4190287_2	9	32.69728469848633
4190287	37042_30	10	32.66398239135742
204633	3650932_0	1	35.842552185058594
204633	3940748_8	2	34.83333969116211
204633	1144037_3	3	34.559974670410156
204633	3176625_17	4	34.46580505371094
204633	3786133_0	5	34.29771423339844
204633	1758701_4	6	34.11789321899414
204633	3786133_12	7	33.988525390625
204633	550933_3	8	33.83866882324219
204633	3400018_4	9	33.80919647216797
204633	1051982_4	10	33.73773193359375
1663853	1058394_2	1	40.65949249267578
1663853	1789900_3	2	38.789955139160156
1663853	1058394_3	3	38.59770965576172
1663853	955720_0	4	38.513118743896484
1663853	919790_4	5	38.23004913330078
1663853	1058394_7	6	38.20125961303711
1663853	1250446_2	7	38.10432434082031
1663853	823188_1	8	37.80561828613281
1663853	4106567_5	9	37.541587829589844
1663853	2248876_7	10	37.11850357055664
2529114	1175059_7	1	37.03163146972656
2529114	4327257_4	2	36.53334045410156
2529114	1192265_5	3	36.14521789550781
2529114	3876065_3	4	36.08988952636719
2529114	2518881_3	5	36.0784797668457
2529114	3939365_0	6	35.96954345703125
2529114	44592_0	7	35.682735443115234
2529114	1208769_2	8	35.50792694091797
2529114	2032559_1	9	35.434654235839844
2529114	534741_2	10	35.35868453979492
3874326	3874326_9	1	34.574989318847656
3874326	4398915_15	2	32.999755859375
3874326	2975356_2	3	32.999755859375
3874326	1267136_2	4	31.677515029907227
3874326	1140211_1	5	31.217071533203125
3874326	4177544_1	6	30.935672760009766
3874326	985077_2	7	30.42218780517578
3874326	3874326_4	8	30.332721710205078
3874326	3146069_12	9	30.296972274780273
3874326	2594000_15	10	30.288902282714844
2180086	2180086_3	1	29.576391220092773
2180086	3121782_5	2	28.685911178588867
2180086	1814861_1	3	27.850074768066406
2180086	1212448_5	4	27.60596466064453
2180086	2572074_0	5	26.76915168762207
2180086	654524_0	6	26.753475189208984
2180086	1322383_4	7	26.228878021240234
2180086	1480461_3	8	26.208309173583984
2180086	875166_0	9	26.15682029724121
2180086	1281300_10	10	26.075712203979492
922849	922849_7	1	40.34231948852539
922849	2260403_6	2	39.42279052734375
922849	1545037_4	3	38.8944091796875
922849	612672_4	4	36.86097717285156
922849	3679340_5	5	36.771732330322266
922849	4317770_7	6	36.33020782470703
922849	922849_27	7	35.910518646240234
922849	1787414_2	8	35.85354995727539
922849	913874_0	9	35.251930236816406
922849	2197832_0	10	35.216957092285156
3280768	3280768_0	1	41.46022033691406
3280768	3280768_1	2	40.86098861694336
3280768	1272714_2	3	40.12857437133789
3280768	1230775_14	4	39.14330291748047
3280768	2504534_7	5	38.95851135253906
3280768	1540522_1	6	38.53858947753906
3280768	454776_2	7	37.63557434082031
3280768	3280768_16	8	37.4653205871582
3280768	951680_4	9	36.91212844848633
3280768	1990217_18	10	36.619468688964844
1477322	1477322_0	1	38.16986846923828
1477322	4304627_1	2	37.713863372802734
1477322	709716_5	3	36.49278259277344
1477322	4353714_7	4	36.15977478027344
1477322	199087_13	5	35.864593505859375
1477322	3287239_0	6	35.72270584106445
1477322	3282791_20	7	35.700016021728516
1477322	709716_1	8	35.686439514160156
1477322	950377_10	9	35.52934265136719
1477322	1193170_0	10	35.44633865356445
4003223	1224613_1	1	36.94700241088867
4003223	4281301_12	2	34.47175216674805
4003223	685824_3	3	32.06475830078125
4003223	3310615_3	4	32.020423889160156
4003223	1179979_2	5	31.995237350463867
4003223	3073738_0	6	31.79157257080078
4003223	1571879_2	7	31.766342163085938
4003223	433086_0	8	31.761388778686523
4003223	3555497_0	9	31.74568748474121
4003223	3531533_5	10	31.632619857788086
224109	224109_1	1	28.83391571044922
224109	1729108_2	2	27.093158721923828
224109	339341_3	3	26.597658157348633
224109	4143800_7	4	26.113548278808594
224109	1648599_5	5	25.929996490478516
224109	686004_3	6	25.741872787475586
224109	819547_7	7	25.511476516723633
224109	4124048_0	8	25.500099182128906
224109	2376826_0	9	25.437292098999023
224109	3601663_4	10	25.317703247070312
953489	2414329_17	1	33.37787628173828
953489	3064090_2	2	33.36075973510742
953489	1768710_12	3	33.1458625793457
953489	3103607_3	4	32.96957015991211
953489	1592740_0	5	32.46506881713867
953489	2190219_1	6	32.402923583984375
953489	185386_1	7	32.16254806518555
953489	2561964_13	8	32.15199279785156
953489	73883_3	9	32.14136505126953
953489	3886490_1	10	32.02635955810547
3496147	3496147_2	1	39.37897872924805
3496147	2081888_6	2	36.168487548828125
3496147	3869421_12	3	35.648414611816406
3496147	1878166_5	4	34.470481872558594
3496147	2212679_14	5	34.05601501464844
3496147	2484052_6	6	33.877681732177734
3496147	896894_7	7	33.38458251953125
3496147	2561068_7	8	33.30660629272461
3496147	1453886_22	9	33.24137496948242
3496147	3572358_12	10	33.18543243408203
172731	172731_10	1	38.6217041015625
172731	172731_1	2	36.92430877685547
172731	172731_2	3	36.56949996948242
172731	172731_6	4	36.427249908447266
172731	2251030_5	5	34.50995635986328
172731	1955223_3	6	34.46696090698242
172731	1401312_0	7	34.41400146484375
172731	1357837_1	8	34.3277702331543
172731	1955223_0	9	33.674232482910156
172731	2251030_9	10	33.11060333251953
1077370	1077370_3	1	37.79603958129883
1077370	1077370_2	2	37.24445343017578
1077370	3324906_5	3	35.59164047241211
1077370	1077370_1	4	35.47587585449219
1077370	2922173_1	5	35.41522979736328
1077370	3293828_2	6	34.97633743286133
1077370	3663459_4	7	34.96631622314453
1077370	1196131_9	8	33.84608459472656
1077370	3324906_4	9	33.52397155761719
1077370	1077370_4	10	32.38385009765625
1964316	3059341_5	1	36.83110046386719
1964316	1964316_5	2	35.04884338378906
1964316	1964316_1	3	33.576839447021484
1964316	1964316_2	4	31.631532669067383
1964316	1078492_2	5	31.34120750427246
1964316	1148987_10	6	31.299274444580078
1964316	2360563_3	7	31.24771499633789
1964316	2273802_1	8	31.19801139831543
1964316	1218838_13	9	31.111391067504883
1964316	3059341_6	10	31.106525421142578
2479423	4089749_3	1	39.17567443847656
2479423	3456738_4	2	39.01331329345703
2479423	2250053_7	3	38.62248992919922
2479423	4470463_0	4	38.48865509033203
2479423	1205879_1	5	38.30697250366211
2479423	3815491_0	6	37.98750686645508
2479423	4470463_1	7	37.40179443359375
2479423	3973873_1	8	36.84142303466797
2479423	1453334_3	9	36.66379165649414
2479423	29736_0	10	36.59528732299805
1282199	2631387_1	1	35.045570373535156
1282199	1282199_12	2	34.44566345214844
1282199	1282199_1	3	33.90092086791992
1282199	377256_22	4	33.258331298828125
1282199	4010933_9	5	33.13937759399414
1282199	2085938_3	6	32.7119140625
1282199	2085938_6	7	32.5694694519043
1282199	1282199_13	8	32.24386215209961
1282199	1282199_9	9	31.954084396362305
1282199	4369017_0	10	31.802959442138672
714612	714612_0	1	42.65264129638672
714612	2781942_4	2	37.4905891418457
714612	714612_7	3	35.65554428100586
714612	2781942_0	4	35.55720520019531
714612	692097_0	5	34.91396713256836
714612	3869822_5	6	34.0084342956543
714612	2188695_4	7	33.976016998291016
714612	1750048_2	8	33.91909408569336
714612	671333_0	9	33.594032287597656
714612	2943487_7	10	33.4404296875
1783010	1783010_2	1	32.094444274902344
1783010	1783010_16	2	31.138498306274414
1783010	1783010_6	3	30.760337829589844
1783010	1783010_17	4	30.752727508544922
1783010	2260443_4	5	30.257835388183594
1783010	2260443_1	6	30.170225143432617
1783010	2260443_5	7	29.73928451538086
1783010	4388183_0	8	29.216747283935547
1783010	2260443_2	9	28.6318359375
1783010	2297453_8	10	28.46727752685547
3369088	3369088_2	1	37.595726013183594
3369088	3369088_7	2	35.61149597167969
3369088	3369088_6	3	35.35811996459961
3369088	3369088_24	4	35.172550201416016
3369088	1990217_15	5	34.64362716674805
3369088	291657_12	6	34.277427673339844
3369088	852312_5	7	33.97476577758789
3369088	3369088_5	8	33.898677825927734
3369088	2688964_6	9	33.52225875854492
3369088	2564912_33	10	33.384185791015625
2643507	2679009_4	1	40.54752731323242
2643507	2643507_15	2	38.84696960449219
2643507	2643507_19	3	37.90302276611328
2643507	2925174_1	4	37.092960357666016
2643507	2643507_12	5	36.47563934326172
2643507	1018465_0	6	36.40265655517578
2643507	2643507_0	7	36.31270217895508
2643507	2643507_2	8	36.25352478027344
2643507	257546_0	9	35.09069061279297
2643507	2643507_13	10	34.7561149597168
2795030	1389705_10	1	32.73241424560547
2795030	2212116_17	2	31.930389404296875
2795030	3395289_10	3	31.3795166015625
2795030	2929480_7	4	31.233360290527344
2795030	3759973_18	5	31.05375862121582
2795030	675504_0	6	30.736801147460938
2795030	3771527_5	7	30.582136154174805
2795030	416368_1	8	30.500587463378906
2795030	2563804_1	9	30.44007110595703
2795030	2589903_2	10	30.251264572143555
4311093	989850_12	1	40.18958282470703
4311093	4311093_6	2	39.099483489990234
4311093	4311093_7	3	39.03870391845703
4311093	112512_0	4	37.868404388427734
4311093	3542779_4	5	37.53480529785156
4311093	4311093_9	6	37.4680061340332
4311093	989850_0	7	36.564002990722656
4311093	2217368_2	8	36.46602249145508
4311093	989850_2	9	36.46138381958008
4311093	3031257_2	10	36.45869064331055
3155314	2492445_27	1	33.62640380859375
3155314	1809702_1	2	32.34386444091797
3155314	2492445_24	3	32.16469955444336
3155314	3155314_2	4	31.88860511779785
3155314	969379_7	5	31.748029708862305
3155314	3562551_1	6	31.662647247314453
3155314	413260_17	7	31.546815872192383
3155314	3562551_2	8	31.202510833740234
3155314	2160193_4	9	31.17899513244629
3155314	3574832_3	10	31.172086715698242
1937374	1937374_2	1	33.24451446533203
1937374	978231_0	2	29.34880256652832
1937374	1887207_1	3	29.07861328125
1937374	709650_4	4	28.991167068481445
1937374	1345181_3	5	28.91033172607422
1937374	3541698_1	6	28.39561653137207
1937374	1887207_4	7	28.317399978637695
1937374	709650_6	8	28.165950775146484
1937374	2330949_5	9	28.03750991821289
1937374	2846668_2	10	28.015718460083008
3960080	3960080_2	1	44.01530456542969
3960080	3960080_4	2	39.59447479248047
3960080	3960080_5	3	38.32848358154297
3960080	3960080_0	4	35.57577896118164
3960080	3041873_10	5	32.53922653198242
3960080	1361257_0	6	32.16201400756836
3960080	3646403_2	7	32.07148742675781
3960080	1132356_6	8	31.95535659790039
3960080	3396066_3	9	31.640241622924805
3960080	1802263_3	10	31.631908416748047
2592121	2592121_0	1	34.70225524902344
2592121	1142306_0	2	32.88158416748047
2592121	2592121_2	3	32.06553649902344
2592121	1142306_2	4	31.34752655029297
2592121	2584291_0	5	30.754478454589844
2592121	883246_0	6	29.9495849609375
2592121	883246_2	7	29.039100646972656
2592121	1898378_0	8	28.972469329833984
2592121	232204_2	9	28.471641540527344
2592121	1704378_0	10	28.34222984313965
204963	4463350_2	1	36.832054138183594
204963	1540460_9	2	35.73178482055664
204963	1455855_16	3	35.682777404785156
204963	2962438_4	4	34.76026153564453
204963	1913679_2	5	34.76026153564453
204963	2618234_3	6	34.76026153564453
204963	4463350_1	7	34.60082244873047
204963	3259894_1	8	34.29818344116211
204963	3259894_4	9	34.29818344116211
204963	3906747_2	10	33.96390914916992
1254390	1209792_5	1	34.878875732421875
1254390	1209792_7	2	34.049102783203125
1254390	3711329_3	3	33.80567932128906
1254390	3186063_12	4	33.65774917602539
1254390	2818680_4	5	33.59657669067383
1254390	1254390_3	6	33.4613151550293
1254390	2954056_3	7	33.41621398925781
1254390	2198611_7	8	33.388275146484375
1254390	3246439_0	9	33.31317138671875
1254390	583676_19	10	33.07408142089844
34041	3753240_2	1	39.18049621582031
34041	2617887_6	2	37.62974548339844
34041	2668911_2	3	37.251976013183594
34041	34041_5	4	36.61831283569336
34041	3753240_0	5	36.123809814453125
34041	34041_3	6	36.00957489013672
34041	34041_0	7	35.99864959716797
34041	2668911_14	8	35.56024932861328
34041	3123658_4	9	35.476558685302734
34041	3427520_1	10	34.70387268066406
2976644	2976644_0	1	36.416351318359375
2976644	4003022_3	2	31.67928123474121
2976644	4144330_1	3	31.637174606323242
2976644	2976644_5	4	31.54972267150879
2976644	4003022_0	5	31.296640396118164
2976644	4003022_2	6	31.201862335205078
2976644	2976644_1	7	31.175979614257812
2976644	184282_0	8	30.701505661010742
2976644	3180646_2	9	30.35794448852539
2976644	2976644_4	10	30.057815551757812
4288761	4288761_10	1	37.50788879394531
4288761	4010933_11	2	33.1455078125
4288761	2507332_7	3	32.42253112792969
4288761	4288761_17	4	31.94566535949707
4288761	2507332_5	5	31.544479370117188
4288761	3392186_4	6	31.34484100341797
4288761	2507332_1	7	31.308250427246094
4288761	2599650_2	8	31.275146484375
4288761	4288761_2	9	30.8642635345459
4288761	1889360_2	10	30.650949478149414
1607728	696864_0	1	36.4525146484375
1607728	2928902_2	2	36.07921600341797
1607728	1376686_0	3	35.490936279296875
1607728	1410217_6	4	35.368873596191406
1607728	2983464_5	5	35.191856384277344
1607728	1657241_0	6	35.10517883300781
1607728	696864_6	7	35.079017639160156
1607728	3256438_1	8	34.576316833496094
1607728	1657241_1	9	34.313961029052734
1607728	696864_2	10	34.16361618041992
4185395	3381554_3	1	39.422935485839844
4185395	2091936_13	2	35.556304931640625
4185395	623403_2	3	34.27627944946289
4185395	1316213_19	4	33.792213439941406
4185395	3531330_1	5	33.6164665222168
4185395	1265051_3	6	33.38075637817383
4185395	623403_3	7	33.20518493652344
4185395	4418822_0	8	32.63935852050781
4185395	2872527_2	9	32.62138748168945
4185395	4201665_6	10	32.411163330078125
4126337	2464386_8	1	39.0972900390625
4126337	703928_4	2	39.0972900390625
4126337	588895_4	3	37.7675666809082
4126337	433291_1	4	37.71742248535156
4126337	2464386_9	5	36.89940643310547
4126337	4185324_14	6	35.68504333496094
4126337	295179_1	7	35.294677734375
4126337	53102_2	8	35.081207275390625
4126337	434519_1	9	33.57398986816406
4126337	1902629_5	10	33.56167984008789
2309774	1456895_1	1	35.594566345214844
2309774	4432315_0	2	34.69595718383789
2309774	2309774_10	3	34.60006332397461
2309774	2313057_4	4	33.85885238647461
2309774	249641_5	5	33.526458740234375
2309774	3911272_11	6	33.472557067871094
2309774	3994073_5	7	33.46904373168945
2309774	3399835_4	8	33.3125
2309774	4392331_0	9	33.22182846069336
2309774	1871379_3	10	33.20161056518555
2452795	2354973_2	1	30.85562515258789
2452795	4348323_0	2	30.839868545532227
2452795	1551287_4	3	30.837526321411133
2452795	3614733_1	4	30.257057189941406
2452795	1386270_0	5	30.17120933532715
2452795	889432_0	6	30.002559661865234
2452795	830275_5	7	29.990585327148438
2452795	252217_9	8	29.956954956054688
2452795	79504_12	9	29.85562515258789
2452795	79504_6	10	29.781225204467773
2783398	2402461_0	1	43.51676940917969
2783398	2783398_8	2	37.2179069519043
2783398	782363_0	3	35.20885467529297
2783398	2783398_11	4	34.87916946411133
2783398	2783398_2	5	34.567142486572266
2783398	2783398_14	6	34.46659469604492
2783398	2783398_12	7	33.9123420715332
2783398	2783398_9	8	33.467063903808594
2783398	2783398_5	9	33.073570251464844
2783398	782363_3	10	32.932777404785156
1373069	4141396_10	1	38.075233459472656
1373069	4154146_2	2	37.49631118774414
1373069	1015033_0	3	37.348777770996094
1373069	3133147_6	4	37.29006576538086
1373069	1373069_0	5	37.075321197509766
1373069	295352_2	6	36.294960021972656
1373069	4154146_1	7	36.06801223754883
1373069	1782300_4	8	36.02052307128906
1373069	1660104_0	9	35.94580078125
1373069	3133147_14	10	35.70343017578125
3206998	3167183_11	1	34.03855514526367
3206998	802342_0	2	32.04352951049805
3206998	536189_0	3	32.00875473022461
3206998	401608_1	4	30.53114128112793
3206998	4320026_0	5	30.1535587310791
3206998	2304414_2	6	30.12224769592285
3206998	551908_4	7	30.035446166992188
3206998	240442_2	8	29.992713928222656
3206998	4981_9	9	29.961132049560547
3206998	3085975_4	10	29.67634391784668
2862887	2862887_0	1	31.690250396728516
2862887	4091640_5	2	30.552215576171875
2862887	3801963_3	3	30.483280181884766
2862887	4078801_18	4	30.413074493408203
2862887	4175894_3	5	30.094188690185547
2862887	1157012_7	6	29.853166580200195
2862887	2862887_2	7	28.940345764160156
2862887	4249232_10	8	28.571128845214844
2862887	1459811_11	9	28.116924285888672
2862887	4393055_3	10	28.012184143066406
4196421	2999047_11	1	38.510108947753906
4196421	3322405_11	2	36.41781997680664
4196421	4196421_2	3	33.82103729248047
4196421	1273180_2	4	32.930599212646484
4196421	3556941_9	5	32.544700622558594
4196421	59423_6	6	32.20486831665039
4196421	1794143_6	7	32.014381408691406
4196421	4233450_2	8	31.558534622192383
4196421	4196421_3	9	31.365568161010742
4196421	3779984_11	10	31.300640106201172
2528767	2528767_0	1	40.49341583251953
2528767	2528767_3	2	39.907630920410156
2528767	2528767_4	3	37.87701416015625
2528767	2528767_1	4	35.33696365356445
2528767	2528767_2	5	34.898956298828125
2528767	198085_5	6	33.97979736328125
2528767	2528767_5	7	33.22564697265625
2528767	2167806_1	8	32.48371505737305
2528767	1080891_3	9	32.43164825439453
2528767	4303090_0	10	32.335121154785156
2799913	4361653_7	1	36.74550247192383
2799913	2893666_8	2	35.84652328491211
2799913	4361653_6	3	35.378841400146484
2799913	4361653_0	4	34.53575134277344
2799913	3262502_0	5	33.975921630859375
2799913	2834121_1	6	33.60679244995117
2799913	2235420_4	7	33.093448638916016
2799913	2834121_0	8	32.91914749145508
2799913	1971010_2	9	32.69241714477539
2799913	1312144_0	10	32.54084396362305
1702151	3424110_10	1	36.4538459777832
1702151	1395064_1	2	34.01517105102539
1702151	1395127_0	3	32.28821563720703
1702151	592616_1	4	31.611818313598633
1702151	507210_0	5	30.53622055053711
1702151	1308865_1	6	29.82452964782715
1702151	1809234_11	7	29.79319190979004
1702151	939905_6	8	29.071866989135742
1702151	2914402_1	9	28.885732650756836
1702151	4279699_1	10	28.744205474853516
1502604	1131654_7	1	36.09270477294922
1502604	2777751_3	2	33.56580352783203
1502604	4151268_1	3	33.485687255859375
1502604	2507021_10	4	33.485687255859375
1502604	3421851_1	5	33.38946533203125
1502604	1808256_2	6	32.77869415283203
1502604	584994_4	7	32.684234619140625
1502604	1257233_0	8	31.810810089111328
1502604	2436437_1	9	31.366188049316406
1502604	2436437_6	10	31.164138793945312
312215	312215_4	1	38.8257942199707
312215	312215_8	2	38.18741989135742
312215	2198611_11	3	36.91213607788086
312215	1344837_0	4	33.651126861572266
312215	1015800_24	5	33.497398376464844
312215	312215_2	6	33.156063079833984
312215	1060042_1	7	32.68385314941406
312215	2853803_0	8	32.39191818237305
312215	312215_7	9	31.978219985961914
312215	2269965_1	10	31.88364601135254
4256593	4256593_1	1	34.724220275878906
4256593	4031140_1	2	33.67708206176758
4256593	982409_1	3	33.513240814208984
4256593	2537627_2	4	33.403255462646484
4256593	757538_2	5	32.37160110473633
4256593	2763149_3	6	31.590757369995117
4256593	1075565_0	7	30.839580535888672
4256593	325934_1	8	30.813739776611328
4256593	2042232_0	9	30.716127395629883
4256593	3609286_0	10	30.715015411376953
785823	4057949_1	1	39.65949630737305
785823	1022389_1	2	39.65949630737305
785823	2502077_0	3	36.47572326660156
785823	2308266_1	4	36.13340759277344
785823	3244575_1	5	34.90546417236328
785823	4294048_2	6	34.217689514160156
785823	785823_4	7	33.73519515991211
785823	1388368_2	8	33.43728256225586
785823	785823_2	9	33.405303955078125
785823	785823_3	10	32.88200759887695
1459749	1459749_0	1	35.262088775634766
1459749	1086309_8	2	33.98285675048828
1459749	341482_4	3	32.52506637573242
1459749	1459749_3	4	32.34254837036133
1459749	85663_0	5	31.86119270324707
1459749	2847918_6	6	31.811309814453125
1459749	4137387_9	7	31.783376693725586
1459749	3331504_15	8	31.736705780029297
1459749	417729_2	9	31.440818786621094
1459749	2733559_8	10	31.428199768066406
1262692	866587_0	1	36.28279113769531
1262692	3982441_5	2	35.700775146484375
1262692	1322615_1	3	35.683624267578125
1262692	4200715_1	4	35.30792999267578
1262692	3358677_0	5	35.18124008178711
1262692	2005580_3	6	34.467308044433594
1262692	2719866_2	7	34.12667465209961
1262692	10043_1	8	33.99250793457031
1262692	2005580_1	9	33.95783233642578
1262692	1134300_0	10	33.77936553955078
2182052	2182052_3	1	34.8138427734375
2182052	2182052_4	2	34.16814041137695
2182052	181119_97	3	33.44449234008789
2182052	144229_4	4	33.44449234008789
2182052	4059029_2	5	31.89617347717285
2182052	104625_9	6	31.84028434753418
2182052	104625_0	7	31.611101150512695
2182052	1793190_1	8	31.592426300048828
2182052	1682365_5	9	31.459070205688477
2182052	1847448_5	10	31.178367614746094
4367654	2662565_1	1	32.62154006958008
4367654	3225840_2	2	32.08661651611328
4367654	1789478_2	3	31.87137794494629
4367654	413430_2	4	31.637296676635742
4367654	989747_5	5	31.369264602661133
4367654	3227940_4	6	31.262310028076172
4367654	1181322_5	7	30.970415115356445
4367654	1023008_2	8	30.970415115356445
4367654	1972970_6	9	30.905155181884766
4367654	3089238_1	10	30.821741104125977
4018891	4018891_42	1	37.84606170654297
4018891	4018891_0	2	37.11002731323242
4018891	4018891_3	3	33.31159210205078
4018891	2716137_1	4	33.31034469604492
4018891	4018891_53	5	32.144386291503906
4018891	4018891_32	6	31.63956069946289
4018891	4018891_24	7	31.244348526000977
4018891	4018891_15	8	31.229841232299805
4018891	4018891_71	9	31.16332244873047
4018891	4018891_39	10	31.140384674072266
229303	2158816_1	1	37.09016799926758
229303	1736899_10	2	36.40702438354492
229303	988600_7	3	35.59965133666992
229303	2020678_12	4	35.382083892822266
229303	3141496_7	5	35.292842864990234
229303	3560813_11	6	34.97407913208008
229303	2773889_0	7	34.95556640625
229303	1255688_20	8	34.39943313598633
229303	4075943_3	9	34.16190719604492
229303	2900405_12	10	33.729366302490234
1866981	3240393_4	1	46.56733322143555
1866981	1085497_7	2	39.59722137451172
1866981	1076062_1	3	39.29426956176758
1866981	3096220_8	4	37.39366912841797
1866981	390331_2	5	37.11320877075195
1866981	474824_4	6	36.316162109375
1866981	2994035_22	7	35.618412017822266
1866981	2784223_2	8	35.4652099609375
1866981	2677754_25	9	35.09473419189453
1866981	1866981_9	10	34.80461883544922
2847807	2843594_2	1	36.38096237182617
2847807	2349531_3	2	33.89884567260742
2847807	3323179_4	3	32.980308532714844
2847807	540705_8	4	32.958412170410156
2847807	269603_0	5	32.72138214111328
2847807	1236108_29	6	32.59062957763672
2847807	3016922_10	7	32.54950714111328
2847807	829519_10	8	32.47713088989258
2847807	49713_1	9	32.29506301879883
2847807	99035_15	10	32.25934600830078
103830	103830_3	1	42.341575622558594
103830	1248486_6	2	39.69523620605469
103830	1249260_3	3	37.18195724487305
103830	103830_4	4	37.17345428466797
103830	3773135_4	5	36.48680114746094
103830	103830_5	6	36.0556526184082
103830	3800809_8	7	35.983673095703125
103830	1248486_0	8	35.92755889892578
103830	1248486_1	9	35.61436080932617
103830	3800809_5	10	35.4226188659668
1292734	868661_2	1	35.088748931884766
1292734	248942_4	2	34.505821228027344
1292734	4040342_0	3	34.22651290893555
1292734	1623637_2	4	34.18898010253906
1292734	1612729_5	5	33.87435531616211
1292734	1897748_12	6	33.60894012451172
1292734	207580_4	7	33.477359771728516
1292734	1329763_8	8	33.391353607177734
1292734	104625_11	9	33.20985412597656
1292734	3498349_5	10	33.20985412597656
1957887	1957887_8	1	32.38838577270508
1957887	4298183_4	2	30.934850692749023
1957887	697254_1	3	30.550987243652344
1957887	744795_2	4	30.490842819213867
1957887	2218314_1	5	30.354228973388672
1957887	2849197_2	6	30.227584838867188
1957887	2562314_5	7	30.119848251342773
1957887	2424713_2	8	30.07748794555664
1957887	2454177_5	9	30.01504898071289
1957887	4180534_11	10	29.988006591796875
1152934	1152934_7	1	42.876014709472656
1152934	2590387_21	2	36.02262496948242
1152934	3703482_13	3	34.08712387084961
1152934	1680635_89	4	33.818572998046875
1152934	4302619_4	5	33.40684127807617
1152934	436349_1	6	33.31840515136719
1152934	1152934_0	7	33.2755126953125
1152934	4204919_5	8	33.21149826049805
1152934	2077504_13	9	33.092010498046875
1152934	4193559_16	10	32.697227478027344
225575	225575_22	1	40.647308349609375
225575	225575_8	2	39.465858459472656
225575	2849096_2	3	37.92381286621094
225575	225575_21	4	37.73895263671875
225575	2330689_12	5	37.45469665527344
225575	225575_3	6	37.445343017578125
225575	225575_19	7	37.365936279296875
225575	225575_12	8	37.12019729614258
225575	225575_2	9	36.788780212402344
225575	225575_7	10	36.48981475830078
402514	402514_4	1	34.455928802490234
402514	402514_1	2	34.14317321777344
402514	786830_0	3	33.731483459472656
402514	1044213_0	4	32.272727966308594
402514	402514_2	5	31.967769622802734
402514	4061224_1	6	31.821243286132812
402514	759033_5	7	31.70469856262207
402514	2617526_2	8	31.611726760864258
402514	1742290_6	9	31.5953311920166
402514	2155390_7	10	31.440773010253906
1063812	2717996_6	1	35.578460693359375
1063812	2816478_6	2	35.302520751953125
1063812	3657563_2	3	35.02676773071289
1063812	3704893_2	4	34.3242073059082
1063812	306396_3	5	33.78264617919922
1063812	4213381_7	6	33.78264617919922
1063812	3704893_10	7	33.75447082519531
1063812	3173146_0	8	33.540035247802734
1063812	2224683_1	9	33.38093566894531
1063812	2859959_9	10	33.255035400390625
2864267	2864267_3	1	37.235347747802734
2864267	4382916_0	2	32.76018524169922
2864267	2966170_4	3	32.37673568725586
2864267	3287944_3	4	32.3001708984375
2864267	2864267_2	5	32.064453125
2864267	2935782_0	6	31.838346481323242
2864267	2355585_0	7	31.662460327148438
2864267	2580908_6	8	31.657350540161133
2864267	3084462_1	9	31.562023162841797
2864267	4322618_0	10	31.393037796020508
4250296	2188621_3	1	30.48585319519043
4250296	152265_1	2	30.341102600097656
4250296	3655585_1	3	30.13992691040039
4250296	3655585_2	4	30.066749572753906
4250296	30768_2	5	29.579923629760742
4250296	2231514_1	6	29.359867095947266
4250296	937746_0	7	29.288816452026367
4250296	820296_2	8	29.17070198059082
4250296	4337001_0	9	28.81882095336914
4250296	4065126_2	10	28.71396255493164
1850323	1850323_5	1	40.0074577331543
1850323	257584_5	2	39.14213180541992
1850323	257584_18	3	39.061317443847656
1850323	257584_4	4	37.88114547729492
1850323	1850323_6	5	37.66521072387695
1850323	1850323_15	6	37.641212463378906
1850323	1000764_4	7	37.55246353149414
1850323	3681795_12	8	37.0995979309082
1850323	1850323_12	9	36.865726470947266
1850323	4098488_9	10	36.769378662109375
821387	821387_3	1	36.840232849121094
821387	1082990_5	2	35.4551887512207
821387	2226616_8	3	34.565391540527344
821387	2226616_7	4	34.495201110839844
821387	235551_0	5	34.436710357666016
821387	821387_9	6	34.180564880371094
821387	99035_15	7	33.19377899169922
821387	821387_6	8	33.094852447509766
821387	1435486_7	9	32.869625091552734
821387	1520661_0	10	32.70836639404297
2142044	4312176_7	1	35.94446563720703
2142044	1466730_10	2	32.65837097167969
2142044	776235_11	3	32.41313934326172
2142044	2142044_0	4	30.466148376464844
2142044	3966104_9	5	30.300628662109375
2142044	293327_15	6	29.686864852905273
2142044	3905791_29	7	29.298717498779297
2142044	2142044_5	8	29.196575164794922
2142044	2142044_2	9	29.18994140625
2142044	3954265_0	10	29.109176635742188
851124	3811544_10	1	37.20578384399414
851124	4064766_0	2	37.20578384399414
851124	851124_2	3	36.55179977416992
851124	3986809_3	4	36.34649658203125
851124	851124_0	5	35.287925720214844
851124	780772_4	6	34.28778839111328
851124	851124_4	7	34.059871673583984
851124	2290529_2	8	34.03498077392578
851124	469596_4	9	33.68910217285156
851124	2632334_10	10	33.0160026550293
4283542	4283542_3	1	36.67396926879883
4283542	2769235_3	2	34.14111328125
4283542	2774073_0	3	33.488800048828125
4283542	2220985_5	4	32.17182922363281
4283542	2594568_4	5	32.00286102294922
4283542	3700969_3	6	31.291833877563477
4283542	4003188_6	7	31.017351150512695
4283542	3803422_5	8	30.811412811279297
4283542	1271450_0	9	30.781333923339844
4283542	3498093_5	10	30.723716735839844
3363149	3363149_4	1	36.852027893066406
3363149	3363149_5	2	35.504215240478516
3363149	3363149_0	3	35.19892501831055
3363149	871103_0	4	34.5128059387207
3363149	2350207_5	5	34.1885986328125
3363149	2012175_4	6	33.23729705810547
3363149	4134261_0	7	33.16650390625
3363149	1947615_1	8	33.10134506225586
3363149	4145856_34	9	33.06767272949219
3363149	3381463_3	10	32.98910903930664
1017690	1017690_0	1	39.987510681152344
1017690	1017690_2	2	35.166343688964844
1017690	4582_4	3	33.74271011352539
1017690	625773_7	4	32.928653717041016
1017690	3014981_7	5	32.001548767089844
1017690	675953_8	6	31.931678771972656
1017690	149297_1	7	31.19670295715332
1017690	1665282_2	8	30.862140655517578
1017690	4582_3	9	30.774656295776367
1017690	2411373_8	10	30.733373641967773
2815090	2609953_22	1	34.8532829284668
2815090	2623518_2	2	33.57405090332031
2815090	2815090_1	3	33.37403106689453
2815090	1420026_2	4	31.951805114746094
2815090	2030149_1	5	31.79422378540039
2815090	2623518_0	6	31.77460289001465
2815090	559015_3	7	31.126895904541016
2815090	559015_2	8	30.803396224975586
2815090	33752_3	9	30.79388999938965
2815090	276277_6	10	30.7679443359375
23464	3691218_17	1	41.98567199707031
23464	469623_3	2	39.724151611328125
23464	1439894_3	3	39.266693115234375
23464	2176475_3	4	39.266693115234375
23464	3500408_8	5	39.266693115234375
23464	2427028_9	6	38.446624755859375
23464	2791643_7	7	37.321632385253906
23464	983015_2	8	36.59780502319336
23464	3278361_9	9	36.475013732910156
23464	2032328_1	10	36.452796936035156
558570	558570_13	1	37.142860412597656
558570	3040519_1	2	35.363651275634766
558570	558570_2	3	35.211368560791016
558570	558570_5	4	34.89427185058594
558570	690289_0	5	34.34135437011719
558570	3040519_4	6	33.85971450805664
558570	1391529_9	7	33.486083984375
558570	3040519_5	8	32.725406646728516
558570	3971195_2	9	32.68552780151367
558570	3040519_7	10	32.44639587402344
1623623	2995823_0	1	32.826332092285156
1623623	1838330_2	2	32.520320892333984
1623623	1838330_1	3	32.49012756347656
1623623	2312578_8	4	32.34741973876953
1623623	2840262_0	5	32.05512619018555
1623623	3530253_2	6	32.028648376464844
1623623	2987577_0	7	31.92005729675293
1623623	213510_5	8	31.776308059692383
1623623	4025799_1	9	31.634044647216797
1623623	3199745_5	10	31.620927810668945
3639660	3639660_3	1	39.88323211669922
3639660	2550766_12	2	36.118072509765625
3639660	575699_1	3	35.18766784667969
3639660	2550766_5	4	34.895355224609375
3639660	3490578_5	5	34.365379333496094
3639660	875917_0	6	34.22766876220703
3639660	156752_1	7	33.83499526977539
3639660	3319679_7	8	33.7358512878418
3639660	1790121_5	9	33.592628479003906
3639660	1560114_15	10	33.48645782470703
3552010	3552010_4	1	38.499000549316406
3552010	3552010_2	2	36.99595260620117
3552010	1120692_3	3	34.45177459716797
3552010	37042_43	4	32.98631286621094
3552010	545641_5	5	32.751888275146484
3552010	1677336_4	6	32.73355484008789
3552010	3152872_6	7	32.568016052246094
3552010	1256938_5	8	32.55541229248047
3552010	3732896_17	9	32.46396255493164
3552010	281311_0	10	32.241634368896484
2446614	1394986_5	1	46.22089385986328
2446614	2199848_8	2	40.584922790527344
2446614	3802484_5	3	40.1815299987793
2446614	2010107_7	4	39.489463806152344
2446614	1408062_10	5	36.53903579711914
2446614	1900080_0	6	35.486305236816406
2446614	2446614_5	7	35.41244888305664
2446614	1895580_6	8	35.088836669921875
2446614	2118819_1	9	35.05149459838867
2446614	4387291_13	10	34.858558654785156
4467100	2225912_0	1	31.296735763549805
4467100	2225912_2	2	30.109901428222656
4467100	786605_4	3	28.70416259765625
4467100	473575_0	4	28.166288375854492
4467100	4263645_0	5	27.349716186523438
4467100	2994847_3	6	27.306528091430664
4467100	2432327_2	7	27.22329330444336
4467100	888518_2	8	27.12644386291504
4467100	1331174_18	9	27.006357192993164
4467100	2994847_2	10	26.612934112548828
2018562	2018562_2	1	38.35689926147461
2018562	2018562_6	2	32.522525787353516
2018562	1855406_10	3	31.135591506958008
2018562	2018562_8	4	31.10898208618164
2018562	3851916_1	5	31.100351333618164
2018562	2895214_3	6	30.39255142211914
2018562	2637673_2	7	30.351863861083984
2018562	838135_24	8	30.061372756958008
2018562	2321335_7	9	29.919897079467773
2018562	177002_19	10	29.73642349243164
3971195	2077480_5	1	36.181861877441406
3971195	3971195_17	2	35.806270599365234
3971195	4169123_11	3	33.5807991027832
3971195	3971195_19	4	32.233734130859375
3971195	961418_0	5	31.418088912963867
3971195	1353406_5	6	31.262802124023438
3971195	2096552_6	7	31.064632415771484
3971195	2061424_6	8	30.858640670776367
3971195	2065371_8	9	30.788908004760742
3971195	1879765_6	10	30.51873779296875
3389038	1990217_5	1	35.368812561035156
3389038	3960708_9	2	35.22687911987305
3389038	2072335_4	3	35.09680938720703
3389038	1990217_18	4	34.97209548950195
3389038	2754824_3	5	34.92140197753906
3389038	4120781_13	6	34.91947555541992
3389038	1154000_17	7	34.80995178222656
3389038	3231697_10	8	34.65259552001953
3389038	4262057_0	9	34.33138656616211
3389038	3389038_3	10	34.2139778137207
78762	1936671_5	1	28.1713809967041
78762	4162699_4	2	27.900291442871094
78762	3000783_4	3	26.944089889526367
78762	3552010_1	4	26.798179626464844
78762	3872445_5	5	26.78584861755371
78762	2260403_13	6	26.76567840576172
78762	1050825_4	7	26.56362533569336
78762	76436_12	8	26.485401153564453
78762	2468915_2	9	26.478376388549805
78762	2701440_0	10	26.259918212890625
387874	395483_6	1	41.32318878173828
387874	395483_9	2	35.501426696777344
387874	3959080_6	3	34.23031234741211
387874	3583402_1	4	34.038089752197266
387874	3831346_8	5	33.85520553588867
387874	387874_2	6	33.28124237060547
387874	3959080_4	7	33.058799743652344
387874	3583402_2	8	33.03443908691406
387874	2719965_0	9	32.17435836791992
387874	168257_2	10	32.00864791870117
2838988	1357216_6	1	38.57648849487305
2838988	2838988_8	2	38.532752990722656
2838988	4001394_6	3	38.247520446777344
2838988	2943171_3	4	37.90935516357422
2838988	1357216_4	5	37.59872817993164
2838988	3180289_5	6	37.1060791015625
2838988	2838988_7	7	37.03031539916992
2838988	860258_1	8	36.953834533691406
2838988	2943171_1	9	36.34781265258789
2838988	2838988_1	10	36.004642486572266
4278201	4278201_1	1	39.375732421875
4278201	4278201_2	2	39.00584030151367
4278201	901169_3	3	34.874229431152344
4278201	4278201_3	4	34.659767150878906
4278201	3806560_12	5	33.62556076049805
4278201	4482703_2	6	33.32474136352539
4278201	1827251_0	7	32.960262298583984
4278201	3806560_6	8	32.9134635925293
4278201	1780379_4	9	32.72958755493164
4278201	3806560_13	10	32.22174835205078
2722241	4182366_1	1	35.50692367553711
2722241	3294734_8	2	34.25107955932617
2722241	1592740_35	3	31.85847282409668
2722241	3152140_1	4	31.6873836517334
2722241	4386033_5	5	31.578718185424805
2722241	659602_13	6	31.448991775512695
2722241	3486936_1	7	31.424137115478516
2722241	3294734_5	8	31.38671875
2722241	57257_14	9	31.22234344482422
2722241	1093185_1	10	31.033313751220703
3382736	3382736_2	1	38.17601013183594
3382736	3382736_1	2	34.62800216674805
3382736	1612543_6	3	31.350130081176758
3382736	4424889_3	4	30.581199645996094
3382736	3382736_3	5	30.138601303100586
3382736	2391604_8	6	29.568557739257812
3382736	3294146_0	7	29.203004837036133
3382736	48090_1	8	28.193248748779297
3382736	3922506_0	9	27.958786010742188
3382736	960826_1	10	27.375288009643555
3872395	1447757_7	1	36.94999694824219
3872395	2704363_0	2	32.91001892089844
3872395	3911003_1	3	32.827449798583984
3872395	1559148_0	4	32.673133850097656
3872395	2563903_8	5	32.2095832824707
3872395	3872395_5	6	32.11098861694336
3872395	3050167_6	7	32.030155181884766
3872395	3110478_15	8	31.887723922729492
3872395	3122139_2	9	31.807504653930664
3872395	219718_6	10	31.256383895874023
2192891	2192891_1	1	35.894920349121094
2192891	2192891_6	2	35.642269134521484
2192891	2192891_9	3	35.44798278808594
2192891	3090396_2	4	34.94083786010742
2192891	3715113_8	5	34.32816696166992
2192891	2192891_10	6	34.125
2192891	2082443_0	7	33.69700622558594
2192891	3277709_0	8	33.50230026245117
2192891	4333777_11	9	32.9814338684082
2192891	2082443_1	10	32.94552230834961
1880028	1880028_0	1	33.854461669921875
1880028	1880028_3	2	31.84957504272461
1880028	4145479_0	3	29.082530975341797
1880028	1880028_4	4	28.7247314453125
1880028	924384_0	5	28.55138397216797
1880028	2390580_2	6	28.44675064086914
1880028	1371653_4	7	28.34578514099121
1880028	2881224_6	8	28.1925048828125
1880028	1329272_1	9	28.074199676513672
1880028	1355270_2	10	27.960336685180664
707303	3016922_10	1	34.75613021850586
707303	2349531_3	2	34.71916961669922
707303	829519_10	3	34.399391174316406
707303	3288199_0	4	34.24375915527344
707303	1948910_22	5	33.879634857177734
707303	3966373_0	6	33.7635612487793
707303	3016922_6	7	33.5516471862793
707303	1711491_5	8	33.41376495361328
707303	595324_10	9	33.29666519165039
707303	2164707_2	10	33.29018783569336
3698636	3698636_9	1	35.43363571166992
3698636	1412994_2	2	34.24250030517578
3698636	450758_4	3	33.88594436645508
3698636	598947_12	4	33.373355865478516
3698636	4144031_10	5	33.28326416015625
3698636	4244310_2	6	32.947906494140625
3698636	3782288_8	7	32.76539611816406
3698636	3103706_0	8	32.15812683105469
3698636	1695824_4	9	31.879470825195312
3698636	1938514_11	10	31.835891723632812
3554263	138535_0	1	38.620933532714844
3554263	3138742_3	2	38.464088439941406
3554263	1956064_6	3	38.433467864990234
3554263	1725826_6	4	38.1772346496582
3554263	3771522_37	5	37.6905403137207
3554263	3245196_5	6	37.27463912963867
3554263	3410306_8	7	36.94583511352539
3554263	3146069_0	8	36.72534942626953
3554263	3291979_10	9	36.50556945800781
3554263	4300184_7	10	36.366153717041016
1944018	1773381_1	1	37.76921463012695
1944018	1944018_25	2	37.48750305175781
1944018	1607303_13	3	36.401607513427734
1944018	1672373_5	4	34.850608825683594
1944018	1944018_4	5	34.72134780883789
1944018	1944018_8	6	34.3111457824707
1944018	3494939_2	7	34.309715270996094
1944018	279822_0	8	34.28312301635742
1944018	1944018_20	9	34.091678619384766
1944018	1944018_23	10	33.9035758972168
667488	1866441_4	1	30.150297164916992
667488	4390586_3	2	29.973770141601562
667488	1670291_1	3	29.9320011138916
667488	1258734_5	4	29.530532836914062
667488	1866441_0	5	29.490142822265625
667488	669829_10	6	28.970144271850586
667488	3101488_2	7	28.557357788085938
667488	2846433_2	8	28.376924514770508
667488	1477770_1	9	28.354021072387695
667488	4397739_4	10	28.282487869262695
2713171	895951_6	1	32.132328033447266
2713171	2991063_0	2	32.04091262817383
2713171	836392_2	3	30.84532356262207
2713171	3981357_4	4	30.731658935546875
2713171	2881224_1	5	30.499622344970703
2713171	2982923_5	6	30.18458366394043
2713171	1492766_5	7	29.99677085876465
2713171	136021_2	8	29.895456314086914
2713171	506092_2	9	29.851680755615234
2713171	4338583_22	10	29.694795608520508
4377861	4377861_0	1	38.749473571777344
4377861	4377861_2	2	35.68562698364258
4377861	4377861_1	3	34.83328628540039
4377861	3940431_1	4	32.42269515991211
4377861	4377861_3	5	32.35783004760742
4377861	47821_2	6	28.586261749267578
4377861	2913202_0	7	28.135852813720703
4377861	3191749_0	8	28.05777931213379
4377861	2314314_2	9	27.531879425048828
4377861	3884172_1	10	27.34900665283203
1167882	3143818_2	1	36.74397277832031
1167882	3118508_5	2	36.60786819458008
1167882	302504_14	3	36.0682373046875
1167882	3387790_8	4	34.8039665222168
1167882	3648206_0	5	34.31331253051758
1167882	1167882_4	6	34.24801254272461
1167882	1113777_1	7	33.620826721191406
1167882	354936_2	8	33.510520935058594
1167882	2333717_1	9	33.013587951660156
1167882	1030001_21	10	32.626800537109375
3078448	2270513_6	1	34.17705535888672
3078448	3246439_0	2	33.251155853271484
3078448	360796_0	3	33.144020080566406
3078448	3372305_11	4	33.103878021240234
3078448	2036360_1	5	33.07095718383789
3078448	3419531_3	6	33.02041244506836
3078448	793463_19	7	33.020015716552734
3078448	3078448_6	8	32.509315490722656
3078448	2954056_3	9	32.364139556884766
3078448	583676_19	10	32.11237335205078
4197214	222742_1	1	33.378746032714844
4197214	3366119_15	2	32.186561584472656
4197214	3827742_22	3	31.3930721282959
4197214	4196900_0	4	31.368982315063477
4197214	1140263_4	5	31.30487060546875
4197214	4186513_2	6	31.266616821289062
4197214	3273515_2	7	31.243927001953125
4197214	2880897_1	8	31.18404197692871
4197214	3243782_1	9	31.109317779541016
4197214	4062320_22	10	31.055152893066406
1968489	2803492_12	1	35.266136169433594
1968489	2803492_14	2	34.443359375
1968489	804624_1	3	33.95249938964844
1968489	3819329_1	4	33.4842643737793
1968489	3819329_0	5	33.188446044921875
1968489	757438_1	6	33.140602111816406
1968489	2803492_9	7	33.08193588256836
1968489	3351709_1	8	32.98857879638672
1968489	205711_1	9	32.87672805786133
1968489	2762709_1	10	32.36679458618164
654124	311770_1	1	36.47395324707031
654124	2985770_3	2	36.002784729003906
654124	311770_0	3	35.991912841796875
654124	1413687_5	4	35.74644470214844
654124	888226_4	5	35.401790618896484
654124	4206083_0	6	35.29551696777344
654124	2028407_0	7	35.2823486328125
654124	2473090_3	8	35.10018539428711
654124	913929_8	9	34.12767791748047
654124	1327337_4	10	34.078853607177734
2551845	3655919_18	1	33.225250244140625
2551845	798255_3	2	32.521202087402344
2551845	3051418_1	3	31.391706466674805
2551845	1125483_0	4	31.303367614746094
2551845	4360542_2	5	31.219270706176758
2551845	1684849_19	6	31.182382583618164
2551845	1017130_2	7	30.923391342163086
2551845	1050825_4	8	30.57528305053711
2551845	2757296_3	9	30.536508560180664
2551845	455825_8	10	30.462360382080078
1035857	1035857_15	1	39.28849792480469
1035857	1035857_18	2	38.883460998535156
1035857	1654619_9	3	38.43541717529297
1035857	1150829_14	4	37.86259460449219
1035857	3560813_1	5	37.128475189208984
1035857	3099197_1	6	37.114768981933594
1035857	2522067_31	7	36.98515319824219
1035857	277661_1	8	36.835487365722656
1035857	131584_10	9	36.629417419433594
1035857	1035857_7	10	36.44463348388672
4153592	3739403_1	1	38.62277603149414
4153592	1574943_3	2	36.33537673950195
4153592	2030149_2	3	36.33537673950195
4153592	3882995_6	4	35.7158088684082
4153592	4153592_10	5	35.460655212402344
4153592	2213996_1	6	35.441715240478516
4153592	769001_6	7	34.45555877685547
4153592	47193_3	8	33.661720275878906
4153592	4153592_14	9	33.565914154052734
4153592	3504952_2	10	33.521549224853516
474417	474417_5	1	38.02806854248047
474417	474417_4	2	37.7620964050293
474417	474417_3	3	33.7860107421875
474417	1112056_3	4	31.256385803222656
474417	1835309_1	5	30.783485412597656
474417	813703_0	6	30.737464904785156
474417	4235520_21	7	30.645919799804688
474417	3991539_2	8	30.593835830688477
474417	1730376_0	9	30.48265838623047
474417	2304267_3	10	30.410017013549805
159716	1504554_1	1	35.28947067260742
159716	344641_1	2	31.890949249267578
159716	488870_2	3	31.860881805419922
159716	4301623_2	4	31.8569278717041
159716	3725722_1	5	31.653352737426758
159716	63483_1	6	31.615819931030273
159716	4028967_4	7	31.54137420654297
159716	1504554_0	8	31.493682861328125
159716	2098058_0	9	31.172691345214844
159716	3864422_3	10	30.99677276611328
2291272	3416619_15	1	41.31056213378906
2291272	4011933_2	2	39.99070358276367
2291272	4011933_7	3	39.808677673339844
2291272	2291272_3	4	38.75843048095703
2291272	2442758_17	5	38.66552734375
2291272	2709267_0	6	38.49189758300781
2291272	2564537_12	7	38.396053314208984
2291272	2442758_0	8	38.38394546508789
2291272	3365134_8	9	38.221031188964844
2291272	2442758_7	10	37.84682846069336
456214	456214_0	1	43.07305145263672
456214	422118_2	2	39.71678924560547
456214	1742397_0	3	38.246456146240234
456214	837150_0	4	38.018089294433594
456214	4391377_5	5	37.516578674316406
456214	1479425_5	6	37.516578674316406
456214	4430566_2	7	36.980770111083984
456214	4430566_4	8	36.621761322021484
456214	422118_1	9	36.458553314208984
456214	456214_2	10	36.371952056884766
2539741	4148513_4	1	34.703399658203125
2539741	937752_2	2	34.61995315551758
2539741	158155_2	3	34.28606414794922
2539741	2584464_3	4	34.001617431640625
2539741	3694941_0	5	33.66069793701172
2539741	158155_10	6	33.57346725463867
2539741	4148513_1	7	33.48515701293945
2539741	3694941_3	8	33.46772766113281
2539741	4043607_0	9	33.406166076660156
2539741	1034818_6	10	33.325904846191406
746920	919065_1	1	34.42851638793945
746920	29421_6	2	34.36587905883789
746920	746920_4	3	34.18207931518555
746920	1287667_3	4	34.15365219116211
746920	2570358_2	5	33.956024169921875
746920	1911392_4	6	33.679901123046875
746920	50083_5	7	33.49166488647461
746920	168586_0	8	33.29003143310547
746920	1380560_3	9	33.24446105957031
746920	1380560_7	10	33.223106384277344
949154	949154_0	1	38.29093551635742
949154	949154_6	2	37.38782501220703
949154	949154_16	3	37.37043762207031
949154	949154_10	4	37.12868118286133
949154	949154_12	5	36.96527862548828
949154	975675_3	6	36.05670928955078
949154	949154_14	7	31.633323669433594
949154	281696_3	8	29.61973762512207
949154	3240393_3	9	28.985624313354492
949154	4451239_15	10	28.739849090576172
4473137	3409290_3	1	32.2257194519043
4473137	1977915_12	2	31.30864906311035
4473137	1713521_5	3	31.041303634643555
4473137	2135389_4	4	30.552520751953125
4473137	4473137_1	5	30.170989990234375
4473137	2400757_19	6	29.79938507080078
4473137	2400757_15	7	29.46676254272461
4473137	3563580_10	8	28.920185089111328
4473137	1312215_2	9	28.551191329956055
4473137	1312215_3	10	28.44808006286621
4406669	298001_7	1	38.111839294433594
4406669	4406669_4	2	35.60432052612305
4406669	209084_8	3	35.43150329589844
4406669	2008738_13	4	35.301570892333984
4406669	4406669_41	5	34.97511291503906
4406669	3950882_2	6	34.9229850769043
4406669	2008738_6	7	34.90528106689453
4406669	9560_3	8	34.62923812866211
4406669	3164414_13	9	34.50170135498047
4406669	2250327_3	10	34.28391647338867
4448097	4448097_1	1	42.08967208862305
4448097	2917760_4	2	40.83906555175781
4448097	4448097_0	3	40.32920837402344
4448097	4469837_12	4	32.40996170043945
4448097	2344295_5	5	31.649635314941406
4448097	2344295_0	6	29.70305824279785
4448097	4469837_4	7	29.384973526000977
4448097	2957718_0	8	29.327327728271484
4448097	2430174_1	9	28.782398223876953
4448097	2309072_1	10	28.695293426513672
676028	1716188_2	1	33.7837028503418
676028	676028_0	2	33.68962097167969
676028	3770916_4	3	33.65139389038086
676028	3685222_3	4	33.64687728881836
676028	3180330_0	5	33.5909423828125
676028	288178_4	6	33.272796630859375
676028	4459181_2	7	33.10702133178711
676028	3347960_0	8	33.056175231933594
676028	1511991_6	9	32.904415130615234
676028	4208673_0	10	32.7963752746582
1844896	1844896_1	1	38.575687408447266
1844896	1911835_8	2	33.27854919433594
1844896	1911835_0	3	32.52040100097656
1844896	1911835_15	4	32.29236602783203
1844896	3036101_0	5	32.17784118652344
1844896	4181216_4	6	32.07475662231445
1844896	1877388_0	7	31.990175247192383
1844896	1811747_13	8	31.7764835357666
1844896	369149_0	9	31.699974060058594
1844896	3043032_2	10	31.235797882080078
3313308	1076915_3	1	39.551849365234375
3313308	480731_2	2	38.55418395996094
3313308	2049551_5	3	37.47161865234375
3313308	4044733_7	4	37.00910949707031
3313308	182928_4	5	36.35593795776367
3313308	4044733_1	6	35.32990264892578
3313308	1588045_6	7	35.17591094970703
3313308	4044733_4	8	35.081756591796875
3313308	15802_5	9	34.902713775634766
3313308	4247398_12	10	34.67624282836914
788976	3487974_4	1	39.49198913574219
788976	2577358_0	2	38.64231872558594
788976	2214297_2	3	38.60251235961914
788976	2577358_6	4	38.11967849731445
788976	2577358_3	5	38.10960388183594
788976	3999134_5	6	37.18887710571289
788976	845209_2	7	37.09313201904297
788976	4308477_3	8	36.968074798583984
788976	255879_8	9	36.92174530029297
788976	2207257_8	10	36.82364273071289
3507491	3507491_6	1	38.72263717651367
3507491	3507491_17	2	38.580039978027344
3507491	3507491_9	3	37.70418167114258
3507491	3507491_13	4	37.131072998046875
3507491	3507491_10	5	36.381752014160156
3507491	3507491_1	6	35.87127685546875
3507491	3507491_11	7	34.88353729248047
3507491	4154146_2	8	34.503265380859375
3507491	3604708_3	9	34.40982437133789
3507491	3005575_1	10	34.384517669677734
1821193	1821193_0	1	44.46153259277344
1821193	1821193_7	2	38.459922790527344
1821193	3253013_6	3	35.667842864990234
1821193	1821193_16	4	35.53502655029297
1821193	1710771_3	5	35.33343505859375
1821193	3395036_22	6	34.32313537597656
1821193	1657443_3	7	34.24053192138672
1821193	1821193_1	8	34.116722106933594
1821193	4478026_13	9	33.71537399291992
1821193	3436364_10	10	33.54774856567383
3385681	3385681_11	1	35.45111083984375
3385681	3385681_17	2	34.99697494506836
3385681	1786385_0	3	33.270877838134766
3385681	3425218_6	4	32.96245574951172
3385681	3870854_4	5	32.698638916015625
3385681	3385681_25	6	32.670860290527344
3385681	342943_10	7	32.49877166748047
3385681	3385681_4	8	32.258705139160156
3385681	192207_3	9	32.028717041015625
3385681	3385681_22	10	31.798086166381836
3295055	2344365_3	1	32.78092575073242
3295055	1202121_0	2	32.42487716674805
3295055	3085220_14	3	31.950571060180664
3295055	2655376_3	4	31.916166305541992
3295055	3295055_0	5	31.72538185119629
3295055	2344365_8	6	31.60355567932129
3295055	125974_3	7	31.04183006286621
3295055	17889_4	8	30.797685623168945
3295055	504592_9	9	30.79680824279785
3295055	3278803_0	10	30.776330947875977
3074429	600468_1	1	37.410770416259766
3074429	2564912_15	2	37.4103889465332
3074429	1283351_12	3	37.178749084472656
3074429	1230775_3	4	37.08262252807617
3074429	3515884_16	5	36.99246597290039
3074429	3074429_4	6	36.35103225708008
3074429	3404277_39	7	36.28007507324219
3074429	2807965_6	8	36.122314453125
3074429	1269142_24	9	36.122314453125
3074429	3797282_5	10	36.09732437133789
1015624	1808671_4	1	41.70490646362305
1015624	2553965_0	2	39.50716781616211
1015624	2553965_1	3	38.48858642578125
1015624	489357_6	4	37.56775665283203
1015624	2553965_2	5	37.33143615722656
1015624	2553965_8	6	36.598670959472656
1015624	3479795_5	7	36.404266357421875
1015624	2268450_7	8	36.1718864440918
1015624	3921805_9	9	36.10289764404297
1015624	2553965_10	10	35.832637786865234
443848	443848_1	1	36.1401481628418
443848	443848_6	2	33.74565124511719
443848	3904757_2	3	32.86209487915039
443848	3904757_5	4	32.75347137451172
443848	4070494_4	5	32.71603775024414
443848	3746693_1	6	32.12191390991211
443848	874916_4	7	31.63482666015625
443848	1250008_3	8	30.890108108520508
443848	874916_2	9	30.72571563720703
443848	157823_0	10	30.43840980529785
3577501	3085721_4	1	38.485595703125
3577501	3927429_2	2	35.198509216308594
3577501	3085721_7	3	34.50981140136719
3577501	940641_12	4	34.33304977416992
3577501	1008146_1	5	33.64651870727539
3577501	3224407_1	6	33.512821197509766
3577501	2939305_0	7	33.28044509887695
3577501	2821595_0	8	33.275447845458984
3577501	1785790_3	9	32.879024505615234
3577501	1963289_3	10	32.79220199584961
3559048	3896879_12	1	40.523109436035156
3559048	3559048_10	2	40.31233596801758
3559048	3559048_6	3	40.16657638549805
3559048	3559048_9	4	39.08902359008789
3559048	3559048_1	5	39.03573989868164
3559048	3559048_2	6	37.82988739013672
3559048	1999015_2	7	37.69251251220703
3559048	3694423_2	8	35.5438346862793
3559048	243900_0	9	35.44243621826172
3559048	3896879_7	10	35.362239837646484
2008017	1983610_15	1	42.2301025390625
2008017	2008017_10	2	38.18912887573242
2008017	3452712_12	3	37.47301483154297
2008017	855741_3	4	37.40690612792969
2008017	2008017_7	5	37.30075454711914
2008017	1983610_10	6	37.16311264038086
2008017	2008017_1	7	36.93662643432617
2008017	3282791_24	8	36.393367767333984
2008017	3729330_5	9	35.67997360229492
2008017	2198611_7	10	35.59874725341797
2382487	126227_1	1	34.316558837890625
2382487	1269015_5	2	34.14955139160156
2382487	1315514_2	3	34.01770782470703
2382487	2583094_7	4	33.64213180541992
2382487	2787822_0	5	33.51579666137695
2382487	3410570_0	6	33.33491134643555
2382487	892380_0	7	33.270057678222656
2382487	2382487_1	8	33.13463592529297
2382487	2370161_3	9	32.86528778076172
2382487	3373916_1	10	32.66606903076172
3278654	3546843_1	1	42.96086883544922
3278654	1155514_6	2	40.640689849853516
3278654	3939796_1	3	40.401363372802734
3278654	3278654_8	4	38.00468063354492
3278654	202888_0	5	37.46409606933594
3278654	3924818_2	6	36.99805450439453
3278654	1512185_0	7	36.88505935668945
3278654	1105578_7	8	36.738040924072266
3278654	1908663_3	9	36.48035430908203
3278654	4108682_1	10	36.42100524902344
481173	3037481_8	1	36.262939453125
481173	3173279_34	2	36.00364685058594
481173	4314837_19	3	35.6611328125
481173	1350494_4	4	35.57323455810547
481173	2753263_0	5	35.27406692504883
481173	3681491_13	6	34.30805587768555
481173	3037481_6	7	33.75371170043945
481173	2022710_6	8	33.09068298339844
481173	4314837_0	9	32.9948616027832
481173	3803691_6	10	32.87147903442383
3411123	3589229_12	1	32.04151153564453
3411123	2761431_8	2	30.986019134521484
3411123	2518940_1	3	30.890151977539062
3411123	208145_1	4	30.17475128173828
3411123	3411123_0	5	30.160812377929688
3411123	751_6	6	29.340852737426758
3411123	1662210_4	7	29.2488956451416
3411123	3785282_1	8	29.00935935974121
3411123	758512_7	9	28.53018569946289
3411123	177002_17	10	28.01097869873047
761742	2102900_3	1	30.880714416503906
761742	2691385_0	2	30.811620712280273
761742	302242_0	3	29.961994171142578
761742	3048244_0	4	29.91800880432129
761742	4150466_1	5	28.633651733398438
761742	2982431_1	6	28.153329849243164
761742	3936843_5	7	28.143125534057617
761742	1582468_0	8	28.007831573486328
761742	4425166_0	9	27.979948043823242
761742	1533701_3	10	27.87421417236328
3714728	3146993_2	1	38.0887336730957
3714728	2313490_6	2	37.351226806640625
3714728	3130567_2	3	34.652069091796875
3714728	350396_12	4	34.428489685058594
3714728	1380127_7	5	34.276817321777344
3714728	1703687_1	6	32.51619338989258
3714728	1512264_2	7	32.41586685180664
3714728	3977461_1	8	32.34559631347656
3714728	350396_2	9	31.92379379272461
3714728	3130567_1	10	31.88570785522461
1977054	1346898_17	1	40.51595687866211
1977054	1977054_7	2	40.312931060791016
1977054	1977054_6	3	40.180824279785156
1977054	1977054_5	4	38.76955795288086
1977054	1346898_14	5	34.007694244384766
1977054	1346898_13	6	32.61723709106445
1977054	1977054_2	7	31.166467666625977
1977054	2560467_4	8	29.75891876220703
1977054	3519889_1	9	29.6751708984375
1977054	4411283_0	10	29.425336837768555
1364894	1364894_3	1	35.45832443237305
1364894	1364894_8	2	34.876163482666016
1364894	1364894_4	3	33.879852294921875
1364894	1364894_7	4	33.79766845703125
1364894	1364894_6	5	33.595489501953125
1364894	1364894_11	6	32.406883239746094
1364894	3038046_8	7	32.30322265625
1364894	1407515_2	8	31.93154525756836
1364894	3827964_7	9	31.843631744384766
1364894	1906047_3	10	31.66178321838379
1509982	1509982_2	1	35.31382369995117
1509982	1509982_1	2	35.25992965698242
1509982	1509982_3	3	33.819244384765625
1509982	1315813_7	4	31.69403648376465
1509982	3817936_0	5	30.144615173339844
1509982	2663616_1	6	30.021211624145508
1509982	2810987_4	7	29.916976928710938
1509982	3141299_3	8	29.553993225097656
1509982	2846163_1	9	29.52472686767578
1509982	3817936_2	10	29.41976547241211
1582877	1582877_14	1	39.0201416015625
1582877	1582877_4	2	38.10317611694336
1582877	1352828_0	3	36.8712272644043
1582877	3921841_2	4	36.80171585083008
1582877	1582877_5	5	36.593379974365234
1582877	1900621_10	6	35.75865936279297
1582877	3097298_4	7	35.66048049926758
1582877	1972962_1	8	35.6459846496582
1582877	3732464_2	9	35.57806396484375
1582877	816185_0	10	35.33198547363281
1287437	956682_15	1	34.267120361328125
1287437	2489233_8	2	33.97454833984375
1287437	2319881_4	3	32.66527557373047
1287437	1402930_0	4	32.09911346435547
1287437	3674296_2	5	31.963823318481445
1287437	150749_3	6	31.805559158325195
1287437	2101258_2	7	31.64624786376953
1287437	2489233_1	8	31.39097785949707
1287437	907894_2	9	31.277647018432617
1287437	243842_2	10	31.150331497192383
2484180	1898649_2	1	37.99367904663086
2484180	3904757_1	2	37.712982177734375
2484180	3633625_9	3	37.712982177734375
2484180	891303_8	4	37.712982177734375
2484180	1852661_2	5	37.712982177734375
2484180	3633625_4	6	37.712982177734375
2484180	3107835_26	7	37.05908203125
2484180	4134949_1	8	35.93775177001953
2484180	3809391_16	9	35.29063415527344
2484180	1852661_4	10	35.29063415527344
2290758	2204045_12	1	40.52410888671875
2290758	4155957_16	2	39.423004150390625
2290758	3142698_4	3	39.32839584350586
2290758	1215647_5	4	38.9832649230957
2290758	1002403_6	5	38.8831901550293
2290758	2816432_6	6	38.85295867919922
2290758	424433_3	7	38.76079559326172
2290758	2609946_1	8	38.76079559326172
2290758	2609946_0	9	38.506263732910156
2290758	1498152_5	10	38.342159271240234
4357460	4113671_5	1	37.66341781616211
4357460	213510_9	2	33.731773376464844
4357460	746975_2	3	32.170047760009766
4357460	2835831_2	4	31.767690658569336
4357460	2229914_1	5	31.547452926635742
4357460	39478_0	6	31.461856842041016
4357460	3167037_18	7	31.2069034576416
4357460	3839032_19	8	31.181039810180664
4357460	2995823_2	9	30.94917869567871
4357460	1923656_3	10	30.921676635742188
4385316	4385316_5	1	33.226688385009766
4385316	2304196_2	2	32.768455505371094
4385316	1316226_9	3	32.74653625488281
4385316	864801_2	4	32.61306381225586
4385316	497709_4	5	32.35547637939453
4385316	1233464_0	6	31.86695098876953
4385316	4292466_0	7	31.695234298706055
4385316	1609036_2	8	31.245450973510742
4385316	934104_4	9	31.07033348083496
4385316	3312145_2	10	31.036380767822266
2634143	2634143_1	1	35.619937896728516
2634143	1841876_0	2	31.290620803833008
2634143	166610_0	3	28.578720092773438
2634143	4054655_1	4	28.29291343688965
2634143	3983827_5	5	28.27851676940918
2634143	3439645_1	6	28.154409408569336
2634143	2971166_0	7	28.153995513916016
2634143	68860_1	8	27.765230178833008
2634143	1597516_6	9	27.698589324951172
2634143	2968317_0	10	27.642488479614258
4185501	4185501_6	1	40.42532730102539
4185501	4185501_7	2	39.83885192871094
4185501	4185501_0	3	39.53770446777344
4185501	2019409_0	4	39.04042053222656
4185501	2019409_3	5	38.495262145996094
4185501	2713263_5	6	37.888145446777344
4185501	494173_2	7	37.71764373779297
4185501	2936460_14	8	37.175636291503906
4185501	159241_7	9	36.94758224487305
4185501	1429684_6	10	36.831790924072266
1794677	3982441_5	1	35.74306869506836
1794677	1431349_0	2	35.040462493896484
1794677	802803_4	3	34.999351501464844
1794677	2968906_0	4	34.838600158691406
1794677	2916758_10	5	34.64044952392578
1794677	1105845_14	6	34.63105773925781
1794677	2794937_1	7	34.08195495605469
1794677	10043_1	8	34.072776794433594
1794677	1431349_1	9	34.05793380737305
1794677	1069164_5	10	34.01957321166992
100653	1519662_1	1	31.50113868713379
100653	1266724_5	2	31.280452728271484
100653	2706577_0	3	31.137460708618164
100653	755024_2	4	31.07434844970703
100653	472580_0	5	31.045312881469727
100653	2028685_2	6	30.957063674926758
100653	2769638_1	7	30.91412353515625
100653	63393_0	8	30.9040584564209
100653	4401156_0	9	30.768699645996094
100653	1170099_1	10	30.657987594604492
1119420	3382095_0	1	37.03905487060547
1119420	1103849_2	2	37.032569885253906
1119420	3271422_0	3	36.82655715942383
1119420	1119420_0	4	36.825416564941406
1119420	1119420_2	5	36.688480377197266
1119420	2649388_3	6	36.509979248046875
1119420	3298552_0	7	35.83491134643555
1119420	2649388_2	8	35.602142333984375
1119420	1502047_1	9	35.36434555053711
1119420	3165940_5	10	35.28518295288086
1082595	1082595_1	1	46.731201171875
1082595	3807099_7	2	34.5649528503418
1082595	1823560_7	3	34.06538391113281
1082595	3496219_1	4	32.7536735534668
1082595	1082595_2	5	32.55018615722656
1082595	64761_6	6	31.59111976623535
1082595	3038038_0	7	31.56930923461914
1082595	64761_0	8	31.202957153320312
1082595	3807099_5	9	31.176361083984375
1082595	3883402_1	10	30.847763061523438
4372730	4372730_41	1	40.14054489135742
4372730	4372730_43	2	38.7331428527832
4372730	4372730_19	3	38.274070739746094
4372730	4372730_33	4	37.6683349609375
4372730	194526_10	5	37.133567810058594
4372730	781083_8	6	36.683555603027344
4372730	3732896_1	7	36.548377990722656
4372730	425548_11	8	36.51946258544922
4372730	1925678_3	9	36.48289489746094
4372730	2842615_2	10	36.394737243652344
8293	8293_1	1	37.59181213378906
8293	4363907_12	2	36.40288162231445
8293	2985404_0	3	35.27653503417969
8293	557905_2	4	35.00634765625
8293	3668959_0	5	34.84407043457031
8293	3577987_6	6	34.6683464050293
8293	3652573_13	7	34.60070037841797
8293	2023142_3	8	34.14080047607422
8293	2307305_9	9	34.09136199951172
8293	2985404_4	10	34.048118591308594
823384	823384_4	1	42.28504180908203
823384	4256366_2	2	32.75897979736328
823384	307240_5	3	32.68888854980469
823384	2228540_1	4	32.39856719970703
823384	4230045_1	5	31.752328872680664
823384	2228540_4	6	31.648921966552734
823384	194103_4	7	31.514938354492188
823384	795614_2	8	31.261463165283203
823384	2413117_6	9	31.24300193786621
823384	1772053_13	10	30.95069694519043
1862795	1862795_0	1	32.87704849243164
1862795	4000029_2	2	32.58259582519531
1862795	30610_3	3	32.48535919189453
1862795	2503963_8	4	31.26073455810547
1862795	1097986_3	5	30.945417404174805
1862795	1862795_1	6	30.79015350341797
1862795	1844291_12	7	30.144878387451172
1862795	3852087_0	8	29.835803985595703
1862795	4292836_8	9	29.80142593383789
1862795	3034124_1	10	29.33379364013672
2380990	3763316_3	1	37.12369155883789
2380990	1727403_9	2	35.01578140258789
2380990	3823488_2	3	35.00332260131836
2380990	4314837_19	4	34.96928024291992
2380990	2752415_7	5	34.56004333496094
2380990	3173279_8	6	34.51161193847656
2380990	2908611_1	7	34.05503845214844
2380990	4316440_10	8	33.722198486328125
2380990	2752415_5	9	33.635704040527344
2380990	3562011_10	10	33.574134826660156
4365565	2794017_1	1	34.73367691040039
4365565	2175420_8	2	34.28015899658203
4365565	2175420_0	3	34.254966735839844
4365565	736374_2	4	33.89927673339844
4365565	3614733_1	5	33.820804595947266
4365565	2543554_3	6	33.51857376098633
4365565	4365565_3	7	33.4220085144043
4365565	2175420_1	8	33.26998519897461
4365565	2971570_0	9	33.247291564941406
4365565	2175420_5	10	33.18021774291992
2814722	2814722_11	1	33.96239471435547
2814722	2814722_6	2	33.02280044555664
2814722	1426317_3	3	32.84862518310547
2814722	678951_6	4	32.390445709228516
2814722	262537_6	5	32.28340148925781
2814722	1599184_2	6	32.05863571166992
2814722	2814722_4	7	32.04726791381836
2814722	1169611_1	8	31.477853775024414
2814722	1374229_3	9	31.42481803894043
2814722	4344842_11	10	31.388124465942383
4165406	4165406_3	1	40.853309631347656
4165406	3396861_10	2	30.40714454650879
4165406	1783471_3	3	29.98272132873535
4165406	4344565_5	4	29.73136329650879
4165406	4426354_5	5	29.725996017456055
4165406	4344565_1	6	29.64336395263672
4165406	1226875_0	7	29.473861694335938
4165406	4344565_2	8	29.472986221313477
4165406	3292718_8	9	29.466081619262695
4165406	4165406_1	10	29.257705688476562
3825386	2359607_3	1	32.07511901855469
3825386	1903988_0	2	31.56597900390625
3825386	2346249_0	3	31.49488067626953
3825386	2240946_1	4	31.273555755615234
3825386	4293782_2	5	30.376323699951172
3825386	144514_2	6	30.329849243164062
3825386	3235026_0	7	30.18206024169922
3825386	1154912_9	8	30.147991180419922
3825386	4093396_9	9	30.038049697875977
3825386	1215049_5	10	29.922651290893555
3778229	3341098_4	1	37.085567474365234
3778229	3341098_2	2	36.35987091064453
3778229	3341098_6	3	36.17740249633789
3778229	2092844_1	4	33.97301483154297
3778229	3937630_3	5	33.66416931152344
3778229	215631_3	6	33.65350341796875
3778229	2092844_0	7	33.56819152832031
3778229	3778229_2	8	33.37869644165039
3778229	953350_1	9	32.82756042480469
3778229	4022146_17	10	32.768714904785156
1199639	2022718_5	1	35.890289306640625
1199639	2830302_4	2	35.71478271484375
1199639	4229965_2	3	35.61001968383789
1199639	4337286_6	4	35.437644958496094
1199639	2675441_0	5	35.15326690673828
1199639	4236938_0	6	35.11076736450195
1199639	4093396_9	7	34.8848762512207
1199639	3659174_1	8	34.882633209228516
1199639	3863389_5	9	34.87741470336914
1199639	4092111_12	10	34.836246490478516
2797224	2797224_11	1	38.33492660522461
2797224	2797224_15	2	36.780826568603516
2797224	2797224_1	3	36.696510314941406
2797224	2797224_14	4	36.0947265625
2797224	2797224_8	5	34.131439208984375
2797224	4055000_8	6	33.229793548583984
2797224	2529838_7	7	32.96181869506836
2797224	48428_9	8	32.93812561035156
2797224	2797224_12	9	32.79903793334961
2797224	2022468_4	10	32.740150451660156
3269759	3269759_5	1	42.33918380737305
3269759	3269759_1	2	41.9793815612793
3269759	3268475_0	3	38.197025299072266
3269759	3269759_2	4	36.36779022216797
3269759	3269759_6	5	36.32183074951172
3269759	2557207_6	6	33.91724395751953
3269759	1508849_3	7	33.42845153808594
3269759	4000253_7	8	32.981903076171875
3269759	3269759_0	9	32.601192474365234
3269759	275850_6	10	32.567169189453125
1340574	1340574_3	1	40.7843017578125
1340574	1340574_2	2	40.50566864013672
1340574	1340574_13	3	37.30548095703125
1340574	3055782_12	4	36.12992858886719
1340574	4250745_1	5	35.7030143737793
1340574	1757874_0	6	35.544586181640625
1340574	2980015_23	7	35.35552215576172
1340574	2040975_7	8	35.26717758178711
1340574	1426564_4	9	35.210575103759766
1340574	1340574_6	10	35.065818786621094
2956570	2956570_0	1	36.8294677734375
2956570	2956570_5	2	35.22929000854492
2956570	2956570_6	3	30.946407318115234
2956570	2784861_6	4	30.745559692382812
2956570	2956570_3	5	30.030811309814453
2956570	2959387_3	6	29.21059226989746
2956570	1517117_5	7	29.153989791870117
2956570	1907847_2	8	28.72504997253418
2956570	348440_15	9	28.68657684326172
2956570	4167609_4	10	28.64745330810547
2307305	2307305_9	1	39.43980407714844
2307305	3664235_19	2	36.45537567138672
2307305	557905_4	3	35.86438751220703
2307305	1250287_5	4	35.67859649658203
2307305	2663525_1	5	35.67132568359375
2307305	3745749_1	6	34.83894729614258
2307305	869878_8	7	34.70323944091797
2307305	2265726_12	8	34.70143508911133
2307305	264875_3	9	34.47187805175781
2307305	3008759_6	10	34.46815490722656
143833	143833_0	1	37.48207092285156
143833	4105530_10	2	37.17723846435547
143833	143833_7	3	36.082855224609375
143833	143833_6	4	35.83615493774414
143833	1130467_0	5	33.34208679199219
143833	143833_2	6	32.69559860229492
143833	143833_5	7	31.742759704589844
143833	3089249_3	8	31.582569122314453
143833	4012388_4	9	31.437597274780273
143833	3511244_1	10	31.396013259887695
2582920	2582920_18	1	44.47096633911133
2582920	2582920_1	2	43.87643814086914
2582920	2582920_3	3	43.33147430419922
2582920	2582920_11	4	42.68804931640625
2582920	2582920_10	5	42.68804931640625
2582920	2582920_6	6	42.5272331237793
2582920	2582920_8	7	42.51035690307617
2582920	2582920_2	8	42.326133728027344
2582920	2582920_21	9	41.14714813232422
2582920	2582920_25	10	40.725120544433594
551239	3540587_0	1	38.67033386230469
551239	4335244_0	2	34.591609954833984
551239	3112516_11	3	32.89708709716797
551239	1399727_2	4	32.33927536010742
551239	641466_0	5	32.24593734741211
551239	1416599_0	6	31.916542053222656
551239	641466_2	7	31.520938873291016
551239	2950031_0	8	31.130163192749023
551239	3089884_1	9	31.106809616088867
551239	3089884_3	10	31.022430419921875
3396066	2035707_1	1	39.74134826660156
3396066	1526303_7	2	36.20035171508789
3396066	4178886_3	3	35.52320098876953
3396066	3396066_5	4	35.485740661621094
3396066	3910705_75	5	35.30705642700195
3396066	2058322_4	6	35.134918212890625
3396066	82028_1	7	35.134159088134766
3396066	1492370_3	8	34.99741744995117
3396066	3869240_1	9	34.48738479614258
3396066	3753884_0	10	34.31544494628906
4473331	1271974_1	1	32.50510025024414
4473331	4373459_1	2	31.71586799621582
4473331	3986660_13	3	31.664915084838867
4473331	1901400_5	4	31.551559448242188
4473331	4373459_14	5	31.52420997619629
4473331	532418_2	6	31.32555389404297
4473331	4375770_7	7	31.267810821533203
4473331	4373459_3	8	31.132123947143555
4473331	4147302_5	9	30.876422882080078
4473331	3526374_0	10	30.651704788208008
3301173	3301173_0	1	33.80085754394531
3301173	3301173_1	2	32.190494537353516
3301173	2300405_11	3	30.51201629638672
3301173	2987577_0	4	29.165760040283203
3301173	3558360_0	5	28.77590560913086
3301173	4390586_8	6	28.259763717651367
3301173	1855601_0	7	27.795507431030273
3301173	3779155_0	8	27.597248077392578
3301173	2549006_0	9	27.39432716369629
3301173	641980_0	10	27.330677032470703
2619912	42750_4	1	39.848018646240234
2619912	935057_5	2	38.96803665161133
2619912	174372_12	3	38.23251724243164
2619912	42750_13	4	38.20014953613281
2619912	3368474_0	5	38.04770278930664
2619912	4031851_10	6	37.89359664916992
2619912	1258084_14	7	37.67098617553711
2619912	636226_9	8	37.585777282714844
2619912	3741453_16	9	37.58174133300781
2619912	2394348_5	10	37.22716522216797
1290612	1290612_3	1	41.98317337036133
1290612	1290612_5	2	34.552001953125
1290612	909013_3	3	34.03472900390625
1290612	971813_5	4	33.87388229370117
1290612	1407996_1	5	33.57286834716797
1290612	1569258_0	6	33.544410705566406
1290612	3344442_4	7	33.50213623046875
1290612	2938448_4	8	33.447628021240234
1290612	1515224_3	9	33.31560134887695
1290612	971813_3	10	33.10226058959961
3239329	3239329_4	1	38.744407653808594
3239329	3826658_3	2	33.792362213134766
3239329	2343660_0	3	33.398719787597656
3239329	2971736_2	4	33.323455810546875
3239329	2080283_5	5	33.020198822021484
3239329	3239329_6	6	32.98747634887695
3239329	115203_0	7	32.84980010986328
3239329	3403034_1	8	32.80867004394531
3239329	2080283_0	9	32.72718048095703
3239329	1188368_7	10	32.59553527832031
896725	896725_4	1	39.095455169677734
896725	3156932_2	2	35.78123092651367
896725	2909827_0	3	34.966163635253906
896725	3333232_6	4	34.85577392578125
896725	4067591_0	5	34.60009765625
896725	896725_0	6	34.01778030395508
896725	3156932_1	7	33.96885299682617
896725	2909827_1	8	32.90153503417969
896725	4243996_1	9	32.78178405761719
896725	896725_7	10	32.769798278808594
4012558	3995844_4	1	34.44044494628906
4012558	2554307_1	2	32.918785095214844
4012558	438155_4	3	31.81748390197754
4012558	3095740_3	4	31.189517974853516
4012558	4160783_2	5	31.036113739013672
4012558	894826_8	6	30.764320373535156
4012558	4173985_4	7	30.687225341796875
4012558	1399265_4	8	30.075538635253906
4012558	3898228_1	9	30.056055068969727
4012558	3095740_0	10	29.838239669799805
849221	2059533_10	1	40.42402267456055
849221	852628_1	2	39.98085403442383
849221	3561570_0	3	39.3057746887207
849221	3674432_11	4	38.859859466552734
849221	852628_6	5	38.611724853515625
849221	2427814_20	6	36.591766357421875
849221	2062189_2	7	36.22923278808594
849221	852628_10	8	35.810089111328125
849221	1222002_3	9	35.78892135620117
849221	2186958_11	10	35.63810348510742
421753	421753_7	1	35.718143463134766
421753	1830384_2	2	34.5518913269043
421753	1028133_3	3	34.497718811035156
421753	157747_4	4	34.11772155761719
421753	2472054_2	5	33.98820877075195
421753	724139_5	6	33.90987014770508
421753	1986592_0	7	33.629188537597656
421753	4188635_3	8	33.602664947509766
421753	2472054_3	9	33.23993682861328
421753	2472054_4	10	32.976749420166016
484496	484496_5	1	38.29563522338867
484496	2157596_5	2	37.909996032714844
484496	3917891_17	3	35.563507080078125
484496	3472762_2	4	35.18367004394531
484496	484496_0	5	33.639564514160156
484496	695656_0	6	33.235069274902344
484496	4399679_2	7	33.08547592163086
484496	4274155_31	8	33.01594543457031
484496	4269056_8	9	32.8691520690918
484496	350874_2	10	32.67911148071289
354733	354733_0	1	37.64682388305664
354733	354733_4	2	32.15183639526367
354733	3109915_2	3	31.05017852783203
354733	354733_7	4	30.09514617919922
354733	4386165_0	5	29.961963653564453
354733	2101120_1	6	29.79953384399414
354733	1458394_3	7	29.522476196289062
354733	517692_25	8	29.44475555419922
354733	2227551_11	9	29.045879364013672
354733	1443498_0	10	28.830841064453125
3040435	3040435_2	1	33.404945373535156
3040435	3146879_1	2	32.85418701171875
3040435	3040435_1	3	31.400941848754883
3040435	3063725_1	4	30.935462951660156
3040435	1291218_4	5	30.930618286132812
3040435	1597705_1	6	30.728252410888672
3040435	3040435_0	7	29.946420669555664
3040435	3836648_0	8	29.69146156311035
3040435	3304296_1	9	29.631515502929688
3040435	2052772_2	10	29.6076602935791
2418598	366826_13	1	39.10707092285156
2418598	1207074_25	2	36.16169738769531
2418598	1760724_2	3	36.136756896972656
2418598	1207074_4	4	35.69033432006836
2418598	1170190_9	5	35.108646392822266
2418598	1076388_1	6	34.83029556274414
2418598	3421475_2	7	34.666202545166016
2418598	2552190_5	8	34.52415466308594
2418598	1523045_13	9	34.43314743041992
2418598	1207074_21	10	34.325401306152344
2443586	788265_8	1	40.2905158996582
2443586	2905727_0	2	36.56023406982422
2443586	3959705_1	3	36.526878356933594
2443586	2788204_6	4	35.12383270263672
2443586	3467029_14	5	34.62767028808594
2443586	2443586_8	6	34.36192321777344
2443586	2443586_12	7	34.1368293762207
2443586	2443586_18	8	33.68486404418945
2443586	2443586_0	9	33.14231491088867
2443586	3816155_11	10	32.875301361083984
3640705	3972846_4	1	35.232784271240234
3640705	3640705_13	2	34.669647216796875
3640705	3640705_4	3	33.67459487915039
3640705	3106463_5	4	32.514766693115234
3640705	3460179_4	5	32.33002853393555
3640705	3439245_2	6	32.32595443725586
3640705	3972846_7	7	32.23355484008789
3640705	3106463_3	8	32.106048583984375
3640705	236255_2	9	31.89993667602539
3640705	3972846_35	10	31.49091911315918
2785579	976893_1	1	31.16803741455078
2785579	1780498_3	2	30.494651794433594
2785579	2814259_10	3	30.425045013427734
2785579	1578718_15	4	30.04981231689453
2785579	3608612_1	5	29.93461799621582
2785579	2062822_2	6	29.78167724609375
2785579	158451_0	7	29.325807571411133
2785579	1326737_3	8	29.270309448242188
2785579	277827_2	9	29.159971237182617
2785579	3688918_1	10	28.982955932617188
765138	3841589_8	1	38.32496643066406
765138	836460_14	2	38.02398681640625
765138	765138_10	3	37.829063415527344
765138	3865886_10	4	36.144344329833984
765138	3703739_9	5	35.9550895690918
765138	765138_8	6	35.859710693359375
765138	4219952_37	7	35.68598556518555
765138	3173279_29	8	35.22166442871094
765138	4033786_3	9	35.0678596496582
765138	765138_11	10	35.03996658325195
3723508	2915686_0	1	40.277835845947266
3723508	2915686_3	2	39.06256103515625
3723508	2032896_1	3	38.13362121582031
3723508	2915686_2	4	36.4256477355957
3723508	3723508_3	5	35.727298736572266
3723508	3723508_1	6	35.32765197753906
3723508	137277_0	7	35.19071578979492
3723508	2032896_0	8	35.17521667480469
3723508	2633111_0	9	34.01188278198242
3723508	3723508_0	10	33.55109405517578
1971899	1971899_6	1	44.63875198364258
1971899	4287782_0	2	33.151885986328125
1971899	205627_0	3	32.887664794921875
1971899	3595368_0	4	32.50052261352539
1971899	2616131_3	5	32.40727615356445
1971899	1971899_8	6	32.38323211669922
1971899	3781628_5	7	32.27939224243164
1971899	3855949_0	8	32.10324478149414
1971899	3063737_9	9	31.488298416137695
1971899	3063737_7	10	31.005685806274414
