301	FBIS3-21961	1	36.52227783203125
301	FBIS4-38364	2	36.15162658691406
301	FBIS4-63999	3	35.26488494873047
301	FBIS3-19646	4	35.16769027709961
301	FBIS3-54944	5	35.049617767333984
301	FBIS4-43965	6	34.360939025878906
301	FBIS4-31645	7	34.2314338684082
301	FBIS3-19199	8	34.12010955810547
301	FBIS4-68383	9	34.086360931396484
301	FBIS4-45469	10	33.775142669677734
309	LA041689-0082	1	32.2293815612793
309	LA041689-0086	2	31.893301010131836
309	LA040289-0162	3	31.567197799682617
309	LA070890-0038	4	31.559289932250977
309	LA040790-0096	5	31.090017318725586
309	LA021190-0091	6	30.792163848876953
309	LA042389-0046	7	30.721099853515625
309	LA021190-0090	8	30.693140029907227
309	LA040289-0173	9	30.30122947692871
309	LA070890-0040	10	30.239091873168945
317	LA052489-0152	1	32.64397048950195
317	FR940127-2-00110	2	30.52982521057129
317	FT932-1038	3	29.269609451293945
317	FT944-12010	4	28.87949562072754
317	FT944-3767	5	28.76123046875
317	LA010990-0117	6	28.471458435058594
317	FT944-12081	7	28.460573196411133
317	FT924-1041	8	28.313222885131836
317	FT923-4778	9	28.173839569091797
317	FT941-7299	10	28.01789093017578
325	LA100690-0019	1	30.058094024658203
325	LA052189-0196	2	29.713214874267578
325	FT932-14560	3	29.116981506347656
325	LA083189-0064	4	28.902690887451172
325	FT934-7177	5	28.7142333984375
325	LA071190-0007	6	28.65595054626465
325	LA082390-0253	7	28.437665939331055
325	FT922-1721	8	28.0217227935791
325	LA071689-0122	9	27.945940017700195
325	FT944-14422	10	27.945873260498047
333	FT924-5307	1	31.124897003173828
333	FBIS4-23025	2	30.424039840698242
333	FT944-10375	3	29.674341201782227
333	FR941004-0-00006	4	29.564218521118164
333	FBIS4-23024	5	28.81294822692871
333	FR940318-0-00047	6	28.76603889465332
333	FT942-6645	7	28.763683319091797
333	FT942-8985	8	28.75693130493164
333	FR941028-2-00215	9	28.69748306274414
333	FR940222-0-00026	10	28.566823959350586
341	FR941206-1-00140	1	35.04180908203125
341	FT933-6584	2	34.08665466308594
341	FR941206-1-00143	3	34.05035400390625
341	LA041890-0141	4	33.81364440917969
341	LA100589-0098	5	33.23335266113281
341	FBIS3-60767	6	33.117401123046875
341	LA100189-0090	7	33.07197952270508
341	FR941206-1-00138	8	32.82638168334961
341	FT931-6812	9	32.79139709472656
341	FT941-4019	10	32.7652587890625
349	FBIS3-42994	1	26.7441463470459
349	FBIS3-43032	2	26.7441463470459
349	FR940405-1-00083	3	25.68080711364746
349	LA032990-0031	4	25.563446044921875
349	LA050789-0042	5	25.13249397277832
349	LA052989-0035	6	24.996824264526367
349	FT943-6896	7	24.357458114624023
349	FR940912-2-00111	8	24.115867614746094
349	FR941107-2-00101	9	23.865009307861328
349	FR940817-2-00270	10	23.766878128051758
357	FBIS3-36488	1	37.64039993286133
357	FT932-10353	2	33.96772766113281
357	FBIS3-28318	3	33.54526901245117
357	FBIS3-28099	4	33.51338195800781
357	FBIS3-48123	5	33.17938995361328
357	FT923-3344	6	33.16749954223633
357	FT932-14010	7	33.1169548034668
357	FT922-3431	8	32.9619140625
357	FBIS3-57480	9	32.78445053100586
357	FT932-16710	10	32.40924072265625
365	LA021690-0167	1	36.21698760986328
365	FT921-10204	2	35.76472854614258
365	LA123090-0031	3	35.5838623046875
365	FT923-14358	4	33.8221549987793
365	LA070990-0005	5	33.30599594116211
365	LA112790-0036	6	32.0829963684082
365	FT932-14766	7	31.598474502563477
365	LA051689-0023	8	31.031675338745117
365	FT931-9258	9	30.31210708618164
365	FT922-9051	10	29.85112762451172
373	FR940516-0-00061	1	31.87448501586914
373	FR940516-0-00059	2	31.67487335205078
373	FR940516-0-00058	3	31.382383346557617
373	FBIS3-42056	4	31.37162208557129
373	FBIS3-41961	5	31.27675437927246
373	FBIS3-20750	6	31.24013328552246
373	FT933-6518	7	31.206764221191406
373	FR940930-0-00033	8	31.175392150878906
373	FR940516-0-00055	9	31.122209548950195
373	FT931-3128	10	30.933307647705078
381	LA082690-0003	1	30.96589469909668
381	FR941122-2-00061	2	30.566326141357422
381	FR941026-2-00019	3	30.51398468017578
381	FT943-11161	4	30.077896118164062
381	FR940819-2-00077	5	30.037353515625
381	FR940318-0-00198	6	30.011259078979492
381	FR941207-2-00041	7	29.375741958618164
381	FT923-12034	8	29.35492515563965
381	FR940930-0-00054	9	29.21457862854004
381	LA060590-0055	10	28.85373306274414
389	LA121289-0059	1	34.87746810913086
389	FT922-5094	2	33.76913070678711
389	FBIS4-29650	3	33.596275329589844
389	FT931-3128	4	33.490196228027344
389	FBIS3-7295	5	33.450584411621094
389	FT922-5620	6	33.252685546875
389	FBIS4-49577	7	33.12641906738281
389	FT931-2959	8	33.118465423583984
389	LA061690-0015	9	33.093223571777344
389	FBIS3-60741	10	32.896461486816406
397	LA072390-0100	1	35.078453063964844
397	LA020190-0022	2	34.722782135009766
397	LA120589-0153	3	34.562076568603516
397	LA121989-0061	4	34.15591049194336
397	LA060490-0081	5	33.405555725097656
397	FT934-17162	6	33.37968444824219
397	LA092590-0140	7	33.308197021484375
397	LA052890-0061	8	33.2276611328125
397	LA021390-0016	9	33.177642822265625
397	LA020890-0157	10	32.37553405761719
405	FT922-11472	1	34.04883575439453
405	FT922-11525	2	31.737667083740234
405	FBIS3-42549	3	30.01272964477539
405	FT943-12622	4	29.548959732055664
405	FT924-286	5	29.465246200561523
405	FT942-5468	6	29.205123901367188
405	FBIS3-59742	7	28.556968688964844
405	FT943-10128	8	28.2242431640625
405	LA012289-0002	9	28.17430305480957
405	FT921-830	10	27.98206901550293
413	FBIS3-44651	1	36.232749938964844
413	FT923-13674	2	36.1141357421875
413	FT921-15150	3	35.6389045715332
413	LA011789-0094	4	35.59703063964844
413	FT932-12063	5	35.46139907836914
413	FT943-11243	6	35.15434646606445
413	FT911-279	7	35.12665557861328
413	FT941-16195	8	34.98493957519531
413	FT933-1180	9	34.90426254272461
413	FBIS4-3342	10	34.868431091308594
421	LA061889-0180	1	36.85594177246094
421	LA062989-0089	2	36.042198181152344
421	FT933-4383	3	36.041473388671875
421	FR941013-1-00065	4	36.00157928466797
421	FR940511-1-00080	5	35.906898498535156
421	LA031289-0073	6	35.55779266357422
421	FBIS3-27134	7	34.989479064941406
421	FR940413-2-00037	8	34.94437789916992
421	FT942-8483	9	34.895347595214844
421	FT934-8135	10	34.80955123901367
429	LA010590-0062	1	36.255401611328125
429	FR940202-2-00109	2	35.969764709472656
429	FR940202-2-00119	3	35.500633239746094
429	LA110389-0072	4	35.486026763916016
429	LA052190-0047	5	35.19447708129883
429	FR940202-2-00139	6	34.678585052490234
429	FR940202-2-00108	7	34.4986572265625
429	FT932-10547	8	34.439937591552734
429	LA062090-0050	9	34.27520751953125
429	FR940202-2-00140	10	33.717796325683594
437	FT942-10006	1	36.450782775878906
437	FBIS3-46630	2	34.837318420410156
437	FT942-2256	3	34.57082748413086
437	FT942-2267	4	34.569820404052734
437	FT944-9419	5	34.498138427734375
437	FT924-4495	6	34.42872619628906
437	FT943-13563	7	34.12691116333008
437	FT943-4804	8	33.84053039550781
437	FT934-10025	9	33.811946868896484
437	FBIS4-29296	10	33.8028450012207
445	LA121790-0116	1	35.45119094848633
445	LA110789-0149	2	34.96983337402344
445	FT924-8156	3	34.30146789550781
445	FT941-7858	4	34.00115966796875
445	LA040390-0124	5	33.81308364868164
445	FT941-3868	6	33.78682327270508
445	FT921-11857	7	33.68782043457031
445	FT921-11847	8	33.68651580810547
445	FT921-11838	9	33.20562744140625
445	FT942-2917	10	33.185264587402344
603	FT944-3389	1	39.57917022705078
603	FT944-3264	2	39.19938659667969
603	FT924-9307	3	38.69293212890625
603	FT943-8137	4	37.844669342041016
603	FT922-991	5	36.92661666870117
603	FT944-3095	6	36.785213470458984
603	FT944-6684	7	36.48614501953125
603	FT922-882	8	36.117454528808594
603	LA122590-0054	9	35.639488220214844
603	FT941-1443	10	35.63505172729492
611	FT941-2364	1	38.95049285888672
611	FBIS3-19810	2	38.88487243652344
611	FT934-10522	3	37.8140983581543
611	FT924-14025	4	37.73019790649414
611	FT943-16653	5	37.54717254638672
611	FBIS4-21111	6	37.307281494140625
611	FT941-2520	7	37.297183990478516
611	FBIS3-19973	8	37.019737243652344
611	FBIS3-19808	9	37.016822814941406
611	FBIS3-20083	10	36.938690185546875
619	LA051490-0058	1	40.53602981567383
619	FT911-127	2	40.197540283203125
619	LA021389-0032	3	39.78838348388672
619	LA022789-0050	4	39.739051818847656
619	FBIS4-23709	5	39.364383697509766
619	LA022689-0169	6	38.924339294433594
619	LA102690-0200	7	38.62075424194336
619	FT922-13245	8	38.54107666015625
619	FT932-5616	9	38.507110595703125
619	FT922-12719	10	38.43864822387695
627	FT921-16376	1	35.92674255371094
627	FT941-4641	2	35.79605484008789
627	FBIS4-68834	3	34.56713104248047
627	FBIS4-47413	4	34.39704513549805
627	FT921-10747	5	34.080101013183594
627	FBIS3-42623	6	34.06117248535156
627	LA111790-0139	7	33.83637237548828
627	FT923-6276	8	33.758079528808594
627	FBIS4-68348	9	33.69904327392578
627	FT921-15388	10	33.673091888427734
635	LA061690-0005	1	36.73905563354492
635	LA061690-0004	2	36.054534912109375
635	LA061690-0003	3	35.990074157714844
635	LA060690-0053	4	34.74522018432617
635	LA061690-0007	5	34.39297103881836
635	LA062190-0255	6	34.01337814331055
635	LA011090-0118	7	33.71360397338867
635	LA061690-0006	8	33.64570617675781
635	LA121590-0063	9	33.32076644897461
635	LA121490-0059	10	33.171058654785156
643	FR940527-2-00131	1	36.54071807861328
643	FR940906-0-00042	2	36.19163513183594
643	FR941220-2-00031	3	36.07190704345703
643	FR940527-2-00133	4	35.92197036743164
643	FR940429-2-00022	5	35.60239791870117
643	FR940527-2-00130	6	35.56591796875
643	FR941011-2-00026	7	35.35734558105469
643	FR940907-2-00003	8	35.06853103637695
643	FT942-17447	9	34.443626403808594
643	FR940906-0-00043	10	34.37977981567383
651	LA101289-0182	1	30.3890323638916
651	LA101289-0113	2	30.3890323638916
651	LA100690-0041	3	29.973020553588867
651	LA050589-0039	4	29.96453285217285
651	LA102790-0002	5	29.492212295532227
651	LA070290-0060	6	29.183576583862305
651	LA083190-0047	7	28.87296485900879
651	LA082890-0052	8	28.84636688232422
651	LA082890-0002	9	28.761198043823242
651	FBIS4-49847	10	28.624727249145508
659	LA020490-0186	1	33.260467529296875
659	LA120290-0076	2	32.99578857421875
659	LA090990-0124	3	32.76582717895508
659	LA052189-0138	4	32.677547454833984
659	FT944-5248	5	31.412296295166016
659	LA102289-0076	6	31.388267517089844
659	LA112590-0021	7	30.967193603515625
659	FT944-742	8	30.949604034423828
659	FT944-740	9	30.41832733154297
659	LA090990-0122	10	29.83930206298828
667	LA021590-0217	1	36.919944763183594
667	LA060689-0074	2	32.69761657714844
667	FT942-3337	3	31.471323013305664
667	LA102089-0152	4	31.25145149230957
667	FR940214-0-00059	5	30.120250701904297
667	LA032990-0077	6	29.753549575805664
667	LA012690-0112	7	29.048498153686523
667	FT931-7558	8	29.046998977661133
667	LA040790-0160	9	28.933673858642578
667	FT931-7526	10	28.91566276550293
675	FT923-11036	1	33.43902587890625
675	FT923-10555	2	33.190704345703125
675	LA072390-0087	3	32.50357437133789
675	FT923-10447	4	32.48688888549805
675	LA072190-0052	5	32.48530197143555
675	LA012889-0096	6	32.45688247680664
675	LA021590-0106	7	32.22452163696289
675	LA081290-0189	8	31.95793342590332
675	LA091490-0101	9	31.941240310668945
675	LA022690-0044	10	31.901700973510742
683	FT924-5610	1	36.56810760498047
683	FT922-1409	2	35.866600036621094
683	FT923-5753	3	35.858280181884766
683	FT924-6042	4	35.7175178527832
683	FT923-11376	5	35.70208740234375
683	FT922-3924	6	35.594451904296875
683	FT922-1680	7	35.493988037109375
683	FBIS4-8504	8	35.26605224609375
683	FT934-11227	9	35.073333740234375
683	FT922-3750	10	35.02437210083008
691	FBIS3-22240	1	37.27354431152344
691	FT922-4550	2	36.606319427490234
691	FT922-4389	3	36.44808578491211
691	FT942-9117	4	35.98101043701172
691	FT941-2708	5	34.852901458740234
691	LA122390-0016	6	33.64114761352539
691	FT932-10624	7	32.839012145996094
691	LA070690-0006	8	32.817691802978516
691	LA082190-0004	9	32.50605392456055
691	FT941-14721	10	32.28451919555664
699	LA110290-0038	1	35.627323150634766
699	LA123189-0186	2	35.11785125732422
699	LA080989-0019	3	33.839080810546875
699	LA102790-0160	4	33.514644622802734
699	LA091890-0018	5	33.51461410522461
699	LA123189-0187	6	33.386783599853516
699	LA082389-0020	7	33.14873504638672
699	LA123189-0190	8	32.84053421020508
699	LA123190-0008	9	32.81711196899414
699	LA112390-0002	10	32.78126907348633
302	LA043090-0036	1	33.42228317260742
302	FBIS4-67701	2	32.51067352294922
302	FBIS3-22702	3	31.37004280090332
302	FBIS3-60404	4	29.383682250976562
302	FBIS3-60403	5	29.077600479125977
302	FR940126-2-00106	6	28.516117095947266
302	FR940126-2-00107	7	28.336606979370117
302	LA031489-0032	8	27.901321411132812
302	LA082490-0065	9	27.887359619140625
302	FT924-10652	10	27.605064392089844
310	FT942-4556	1	32.4705924987793
310	FT931-11958	2	31.19632339477539
310	FT922-15435	3	30.27582359313965
310	FT921-7096	4	30.078861236572266
310	FT921-6318	5	29.915149688720703
310	LA040589-0107	6	29.765058517456055
310	FR941125-1-00012	7	29.74410629272461
310	LA122490-0040	8	29.635194778442383
310	LA053090-0120	9	29.520824432373047
310	FR940906-0-00008	10	29.316986083984375
318	FBIS4-42613	1	30.344764709472656
318	LA111389-0064	2	30.17849349975586
318	FT922-628	3	29.886062622070312
318	LA093090-0033	4	29.864185333251953
318	FT931-7283	5	29.79251480102539
318	FT942-12026	6	29.780031204223633
318	FT921-8909	7	29.685945510864258
318	FT933-16495	8	29.53497314453125
318	FT944-7203	9	29.438644409179688
318	FT924-5030	10	29.26581573486328
326	FT944-5773	1	36.53986358642578
326	FT944-15661	2	35.814815521240234
326	FT943-543	3	35.570533752441406
326	LA032790-0151	4	35.52942657470703
326	LA051590-0125	5	35.25740051269531
326	FT943-178	6	35.02374267578125
326	FT943-312	7	35.012718200683594
326	FT923-6558	8	34.82498550415039
326	LA121890-0155	9	34.304542541503906
326	FT944-18875	10	33.56767272949219
334	FBIS3-41961	1	33.33930587768555
334	FR940930-0-00030	2	33.24317169189453
334	FBIS4-52707	3	33.217288970947266
334	FBIS4-68216	4	32.99522018432617
334	FBIS3-61085	5	32.854000091552734
334	FR941019-0-00048	6	32.7009162902832
334	FBIS4-68219	7	32.590003967285156
334	FR940919-0-00022	8	32.532596588134766
334	FBIS4-18605	9	32.398014068603516
334	FBIS4-22438	10	32.325862884521484
342	LA092290-0075	1	37.12938690185547
342	FBIS4-18218	2	37.02044677734375
342	FT942-5987	3	36.97450256347656
342	FBIS3-1704	4	36.843467712402344
342	FBIS4-42060	5	36.806495666503906
342	FBIS4-42285	6	36.79996871948242
342	FBIS3-1705	7	36.66947937011719
342	FT923-7726	8	36.34657287597656
342	FBIS4-14582	9	36.16484069824219
342	LA052889-0099	10	35.92237091064453
350	LA052290-0188	1	31.724117279052734
350	LA100690-0107	2	31.637182235717773
350	FT931-5553	3	30.224544525146484
350	FT931-12840	4	30.199642181396484
350	FT943-1186	5	30.135000228881836
350	LA062390-0104	6	29.721813201904297
350	FT944-13668	7	29.662425994873047
350	FR940811-2-00080	8	29.57345199584961
350	FT921-4540	9	29.419771194458008
350	FT934-11830	10	29.367534637451172
358	LA040789-0022	1	36.47393798828125
358	LA040689-0027	2	35.215232849121094
358	LA020690-0100	3	35.12919998168945
358	LA101290-0077	4	35.06019592285156
358	LA092789-0026	5	34.7434196472168
358	LA081789-0031	6	34.72429275512695
358	LA042090-0099	7	34.0633430480957
358	LA121689-0034	8	33.254486083984375
358	LA091390-0260	9	33.063575744628906
358	LA081189-0092	10	33.061824798583984
366	FR940919-0-00073	1	32.7445182800293
366	LA041889-0026	2	31.077482223510742
366	LA070189-0037	3	30.69748306274414
366	FR940919-0-00074	4	30.075809478759766
366	FR940919-0-00071	5	30.02269744873047
366	LA010489-0024	6	29.89736557006836
366	FT942-2461	7	29.880287170410156
366	FR940919-0-00072	8	29.85475730895996
366	FBIS3-21138	9	29.664596557617188
366	LA090189-0164	10	29.33441162109375
374	FT924-14045	1	37.742088317871094
374	FT944-16682	2	37.29731750488281
374	FT944-16075	3	36.36626434326172
374	FT931-10284	4	36.27381134033203
374	LA101790-0153	5	36.20832443237305
374	LA101289-0221	6	35.92428970336914
374	FT921-1412	7	35.84746551513672
374	LA101389-0049	8	35.75458908081055
374	FT944-16013	9	35.56483840942383
374	FT944-16527	10	35.28351593017578
382	FT923-14293	1	35.35497283935547
382	FBIS4-44698	2	35.16008758544922
382	FBIS4-44852	3	34.55519104003906
382	FBIS3-59723	4	33.239646911621094
382	FBIS4-44635	5	33.23599624633789
382	FT944-18127	6	32.57035827636719
382	FT942-15763	7	32.46901321411133
382	FR941219-1-00025	8	32.03364181518555
382	FBIS4-20560	9	30.834197998046875
382	FR940303-2-00168	10	30.811050415039062
390	LA111090-0112	1	36.32904815673828
390	FT941-10753	2	33.843894958496094
390	LA041289-0054	3	31.07779884338379
390	LA122290-0138	4	30.943613052368164
390	LA062690-0105	5	30.2591552734375
390	FR940830-2-00058	6	30.156030654907227
390	FR940912-2-00110	7	29.587961196899414
390	LA020890-0162	8	29.146099090576172
390	FT921-16484	9	28.925233840942383
390	FT933-4868	10	28.71303939819336
398	FT921-11550	1	37.0044059753418
398	FT923-9588	2	36.484642028808594
398	FT933-13793	3	34.0222053527832
398	FBIS3-35613	4	33.647666931152344
398	FBIS4-30957	5	33.136878967285156
398	FBIS3-59919	6	33.12962341308594
398	FBIS4-63122	7	32.721099853515625
398	FBIS4-15669	8	32.68359375
398	FBIS4-20827	9	32.64036560058594
398	FT934-1218	10	32.478755950927734
406	LA121189-0042	1	35.06654739379883
406	FBIS3-2148	2	34.18338394165039
406	FT922-4560	3	33.32687759399414
406	LA111589-0149	4	33.283241271972656
406	LA051790-0095	5	33.09349822998047
406	LA080489-0045	6	32.01409912109375
406	LA111689-0161	7	31.265972137451172
406	FT933-9591	8	31.012996673583984
406	LA041189-0011	9	30.269332885742188
406	LA011290-0023	10	30.1805477142334
414	FT932-13478	1	38.443580627441406
414	FT944-11926	2	38.38584899902344
414	LA061890-0107	3	38.03731918334961
414	FT934-5978	4	37.97189712524414
414	FT932-6585	5	37.49867248535156
414	FT922-12873	6	37.47294235229492
414	LA040590-0222	7	37.435237884521484
414	FT942-16668	8	37.28815460205078
414	FBIS3-36211	9	37.28071212768555
414	FT922-8462	10	36.847591400146484
422	LA091390-0023	1	34.03533172607422
422	LA110789-0019	2	32.993980407714844
422	LA010390-0051	3	32.46866226196289
422	FT934-11678	4	32.39736557006836
422	LA092490-0081	5	32.386558532714844
422	LA062090-0083	6	32.34333038330078
422	LA062090-0064	7	32.23112487792969
422	FT934-9676	8	32.184200286865234
422	LA062290-0062	9	32.08620834350586
422	LA122190-0102	10	32.07408905029297
430	LA073089-0143	1	35.75031280517578
430	FT911-3300	2	35.014225006103516
430	LA031389-0095	3	34.24297332763672
430	LA051089-0024	4	34.19704818725586
430	LA121690-0053	5	33.28169250488281
430	LA061689-0067	6	33.236900329589844
430	FT911-4886	7	33.132118225097656
430	LA082889-0051	8	32.48714065551758
430	LA051089-0041	9	32.453277587890625
430	LA060190-0066	10	31.780725479125977
438	FT942-10654	1	35.96489334106445
438	FT941-17376	2	35.20326232910156
438	FBIS4-49095	3	35.01362609863281
438	FT941-17371	4	34.9219970703125
438	FBIS4-51074	5	34.376590728759766
438	FT923-6187	6	33.50249099731445
438	FT924-2517	7	33.48124694824219
438	FT943-12936	8	33.23118591308594
438	FT941-14543	9	33.19376754760742
438	FT924-2489	10	33.1917724609375
446	FT934-13100	1	32.14863586425781
446	FT924-12197	2	31.96881866455078
446	LA092289-0068	3	31.459228515625
446	FT931-887	4	31.355758666992188
446	FT924-8057	5	31.345874786376953
446	FT924-8062	6	31.119691848754883
446	FBIS4-10911	7	30.96864891052246
446	FT934-12416	8	30.898332595825195
446	FT924-12035	9	30.517396926879883
446	FT924-11275	10	30.403079986572266
604	LA073090-0058	1	37.30900192260742
604	LA112690-0027	2	32.52735137939453
604	LA092690-0153	3	31.194501876831055
604	LA092090-0248	4	30.807876586914062
604	LA071989-0117	5	29.17621612548828
604	FT921-3467	6	28.413803100585938
604	LA081989-0064	7	28.309938430786133
604	FBIS4-67664	8	28.304882049560547
604	LA111590-0227	9	28.174266815185547
604	FBIS4-45839	10	28.166566848754883
612	LA030689-0004	1	38.29359436035156
612	LA070889-0049	2	38.15745162963867
612	FT932-7323	3	37.861534118652344
612	LA030990-0042	4	37.67853546142578
612	FT944-610	5	37.39308547973633
612	FBIS4-24470	6	37.336700439453125
612	LA030989-0104	7	36.90079116821289
612	LA031489-0010	8	36.764217376708984
612	FBIS4-24390	9	36.391658782958984
612	FBIS3-3453	10	35.70348358154297
620	FBIS3-58114	1	39.1432991027832
620	FT933-16314	2	38.3974609375
620	LA070590-0070	3	38.353355407714844
620	FBIS3-60732	4	38.1180534362793
620	FBIS3-19049	5	37.994476318359375
620	FBIS3-60319	6	37.91383361816406
620	FBIS4-64761	7	37.816993713378906
620	FBIS3-39263	8	37.76857376098633
620	FT924-9792	9	37.686317443847656
620	FBIS4-45965	10	37.68347930908203
628	LA120290-0104	1	39.49617385864258
628	LA122589-0054	2	39.31435775756836
628	LA123189-0114	3	38.78449630737305
628	LA122389-0065	4	38.575965881347656
628	LA122289-0030	5	38.4992790222168
628	LA050790-0038	6	38.295440673828125
628	LA122589-0055	7	38.26409912109375
628	LA122189-0133	8	38.11482238769531
628	LA081289-0086	9	38.054832458496094
628	LA122589-0052	10	38.04267501831055
636	FR940727-0-00085	1	33.202369689941406
636	LA021789-0063	2	31.756534576416016
636	LA082989-0102	3	31.68552017211914
636	LA052889-0205	4	30.656217575073242
636	FT931-3214	5	30.59377670288086
636	FR940527-2-00111	6	30.01943016052246
636	LA060489-0153	7	29.928035736083984
636	FR941021-0-00048	8	29.89916229248047
636	FT923-7394	9	29.8734130859375
636	LA100190-0009	10	29.845279693603516
644	FR940523-0-00018	1	34.41193771362305
644	FR940317-1-00217	2	34.151023864746094
644	FR940317-1-00209	3	32.68992614746094
644	FT921-16211	4	32.10200500488281
644	FR940324-2-00099	5	32.066261291503906
644	FR941202-0-00162	6	32.01408004760742
644	FR941202-0-00159	7	31.838281631469727
644	FR940317-1-00207	8	31.75396728515625
644	FR940830-0-00004	9	31.675888061523438
644	LA070190-0086	10	31.621971130371094
652	FT923-8966	1	30.70283317565918
652	FBIS3-58497	2	30.64255142211914
652	FT923-9018	3	30.397483825683594
652	FBIS4-13598	4	30.322219848632812
652	FBIS3-34645	5	30.314857482910156
652	FT932-13808	6	30.089218139648438
652	FT923-13563	7	29.89503288269043
652	FBIS4-38002	8	29.89345932006836
652	FBIS4-53062	9	29.85323143005371
652	FBIS3-47720	10	29.810869216918945
660	LA122790-0120	1	39.33162307739258
660	LA123189-0136	2	39.10655975341797
660	LA122790-0172	3	38.91744613647461
660	LA020190-0104	4	38.88208770751953
660	LA022690-0001	5	38.78878402709961
660	LA123089-0033	6	38.090843200683594
660	LA010889-0039	7	37.59006881713867
660	LA011390-0142	8	37.31636047363281
660	LA122189-0112	9	36.91594314575195
660	LA022789-0086	10	36.51958465576172
668	FBIS3-41833	1	31.166820526123047
668	FT922-7483	2	30.795814514160156
668	FT922-7511	3	30.711345672607422
668	FT943-5083	4	30.307043075561523
668	LA100289-0036	5	30.111881256103516
668	LA100889-0053	6	29.535959243774414
668	LA072990-0030	7	29.26449966430664
668	FT943-10995	8	29.188121795654297
668	LA101489-0006	9	28.97783660888672
668	LA012389-0015	10	28.938371658325195
676	FBIS4-66992	1	34.876373291015625
676	FBIS4-67070	2	34.764949798583984
676	FBIS3-41099	3	33.93171691894531
676	FT922-3792	4	33.64019775390625
676	FBIS4-20981	5	33.59654235839844
676	FBIS3-41101	6	33.34569549560547
676	FBIS3-60019	7	33.19575119018555
676	FBIS4-45466	8	33.0818977355957
676	FBIS3-41241	9	32.91823959350586
676	FBIS3-41242	10	32.81596755981445
684	FT942-1176	1	34.41016387939453
684	FT931-5786	2	34.342552185058594
684	FT942-4616	3	34.31352615356445
684	FT943-10872	4	33.39205551147461
684	FT921-13472	5	33.328941345214844
684	LA102589-0032	6	33.076454162597656
684	FT941-5905	7	32.81938552856445
684	FT943-540	8	32.565696716308594
684	FT941-688	9	32.53466796875
684	FT921-12452	10	32.23902893066406
692	FT911-4014	1	33.83848190307617
692	FR940104-2-00081	2	32.844364166259766
692	FT941-2974	3	32.266151428222656
692	LA021290-0060	4	31.88459014892578
692	FT943-5253	5	31.67673110961914
692	FT941-9923	6	30.624065399169922
692	FT944-15748	7	30.57107162475586
692	FT931-5547	8	30.48963165283203
692	LA041089-0031	9	29.530118942260742
692	FT921-10529	10	29.528423309326172
700	LA032090-0115	1	36.78337478637695
700	LA121789-0120	2	35.21692657470703
700	FR940803-0-00112	3	34.937110900878906
700	LA070690-0080	4	34.569252014160156
700	LA102190-0091	5	34.36534881591797
700	FBIS4-15412	6	33.8922119140625
700	LA011889-0017	7	33.73532485961914
700	LA112890-0076	8	33.7033805847168
700	LA101890-0066	9	33.70198059082031
700	LA031589-0046	10	33.636497497558594
303	LA042590-0152	1	37.444976806640625
303	LA042590-0135	2	37.17795944213867
303	LA042790-0070	3	36.78411102294922
303	FT944-128	4	36.70833969116211
303	FT934-2516	5	36.540157318115234
303	FT921-7107	6	36.267303466796875
303	LA033090-0082	7	36.154048919677734
303	LA110590-0076	8	36.12845230102539
303	LA051590-0074	9	36.08552169799805
303	FT931-6554	10	35.97050094604492
311	FT944-15440	1	39.499977111816406
311	FBIS4-19393	2	36.11079025268555
311	FT931-3885	3	35.696537017822266
311	FT924-15901	4	34.58543395996094
311	FT944-18257	5	34.43321990966797
311	FBIS3-58751	6	34.33457946777344
311	FT943-13320	7	34.32528305053711
311	FT931-3928	8	34.16654968261719
311	FT942-12842	9	33.84771728515625
311	FT942-4398	10	33.75510025024414
319	FT931-6548	1	30.891029357910156
319	FT931-8734	2	30.782848358154297
319	FR940208-1-00040	3	30.754413604736328
319	FR940516-1-00075	4	30.67181396484375
319	LA101890-0050	5	30.594863891601562
319	FT933-3194	6	30.323701858520508
319	FBIS4-66377	7	30.108217239379883
319	FBIS3-59686	8	29.978986740112305
319	FR940406-2-00115	9	29.695247650146484
319	FT922-3101	10	29.67265510559082
327	FT931-5001	1	29.477664947509766
327	LA062190-0015	2	29.430471420288086
327	FT931-9649	3	29.28978157043457
327	LA032089-0085	4	28.41640853881836
327	FT942-12128	5	28.009950637817383
327	FT932-4843	6	27.89373207092285
327	FT932-733	7	27.873947143554688
327	LA031590-0053	8	27.86204719543457
327	FBIS3-44428	9	27.804931640625
327	FBIS4-34049	10	27.709667205810547
335	LA072290-0043	1	33.19191360473633
335	LA070190-0096	2	33.112762451171875
335	FR940616-2-00033	3	32.45436096191406
335	LA051890-0173	4	31.045330047607422
335	LA011890-0218	5	30.882596969604492
335	LA052690-0131	6	30.830772399902344
335	LA010790-0174	7	30.262929916381836
335	LA070490-0027	8	30.053815841674805
335	LA101090-0127	9	30.05376625061035
335	LA082490-0081	10	29.79987907409668
343	FBIS3-26220	1	34.72589874267578
343	FT934-4147	2	34.61749267578125
343	LA070890-0210	3	34.289825439453125
343	LA102990-0113	4	34.192604064941406
343	FT922-11561	5	34.15741729736328
343	LA102390-0019	6	33.84883499145508
343	FT922-4037	7	33.83773422241211
343	FT922-10434	8	33.76465606689453
343	LA121589-0211	9	33.67412567138672
343	FT944-564	10	33.537635803222656
351	FT921-6603	1	39.34937286376953
351	FT934-4629	2	39.215675354003906
351	FT942-12805	3	38.56234359741211
351	FT922-15099	4	38.509765625
351	FT932-16710	5	38.14498519897461
351	FT934-4848	6	38.07023620605469
351	FT923-11890	7	38.059017181396484
351	FT944-15849	8	37.40626525878906
351	FBIS3-10551	9	37.112884521484375
351	FT941-13429	10	36.959373474121094
359	LA120389-0225	1	31.892292022705078
359	LA021990-0086	2	31.04690933227539
359	LA032690-0072	3	30.396907806396484
359	LA040990-0062	4	30.03912353515625
359	LA042390-0027	5	29.979747772216797
359	LA082790-0062	6	29.93311309814453
359	LA090390-0018	7	29.91000747680664
359	LA043090-0100	8	29.83580780029297
359	LA061890-0096	9	29.814523696899414
359	LA123190-0049	10	29.61605453491211
367	FT932-14130	1	33.76701354980469
367	FT932-17442	2	32.62814712524414
367	FBIS3-3196	3	32.54187774658203
367	FBIS4-25559	4	32.340885162353516
367	FBIS4-25572	5	32.340885162353516
367	FT944-16684	6	32.21803283691406
367	FT923-178	7	32.197383880615234
367	FBIS4-50246	8	32.119728088378906
367	FBIS3-3864	9	31.7578182220459
367	FBIS3-44900	10	31.747520446777344
375	FBIS3-59723	1	34.5859375
375	FBIS4-44726	2	33.5892219543457
375	FBIS4-66430	3	33.208152770996094
375	LA062389-0066	4	31.74200439453125
375	FR941219-1-00027	5	31.5762882232666
375	FBIS3-21141	6	31.413846969604492
375	FT944-16550	7	30.514986038208008
375	FBIS4-44698	8	30.468982696533203
375	FT923-14293	9	30.292072296142578
375	FT942-9101	10	30.195209503173828
383	FT922-715	1	32.21241760253906
383	LA111290-0137	2	32.07272720336914
383	LA090389-0060	3	31.97101593017578
383	LA062489-0059	4	31.948246002197266
383	LA070390-0063	5	31.3813419342041
383	LA010590-0095	6	31.086015701293945
383	FT933-4868	7	31.016752243041992
383	LA070490-0029	8	29.86414337158203
383	LA082090-0069	9	29.45481300354004
383	FT933-10259	10	29.214357376098633
391	FT933-483	1	34.93390655517578
391	FT942-2835	2	34.368186950683594
391	FT944-6608	3	34.165557861328125
391	FT941-2054	4	33.95309829711914
391	FT932-13553	5	33.92129135131836
391	FT924-7380	6	33.4892692565918
391	FT932-13564	7	33.31166458129883
391	FT931-15790	8	32.46824264526367
391	FT943-2494	9	32.28156280517578
391	FT924-2198	10	32.084632873535156
399	FR941012-0-00029	1	32.51884078979492
399	LA032289-0033	2	32.06193161010742
399	FR940119-0-00052	3	30.287593841552734
399	FBIS4-2524	4	29.737577438354492
399	FR940819-0-00074	5	29.272014617919922
399	FR940906-0-00069	6	29.269203186035156
399	FBIS4-49902	7	29.051149368286133
399	FR940810-1-00017	8	28.89044952392578
399	FR940819-0-00072	9	28.87733268737793
399	FBIS3-16534	10	28.842071533203125
407	LA030190-0146	1	31.671255111694336
407	FT932-12511	2	31.66326141357422
407	LA100989-0033	3	31.122636795043945
407	LA050889-0063	4	30.951183319091797
407	FR941021-1-00075	5	30.39698600769043
407	LA012589-0100	6	30.327810287475586
407	FBIS3-22324	7	30.2885684967041
407	LA010590-0066	8	30.22216033935547
407	FR940314-1-00033	9	30.1934871673584
407	FR941103-0-00146	10	30.098838806152344
415	FT921-3261	1	37.60694122314453
415	FBIS3-60083	2	36.84908676147461
415	FBIS3-41103	3	33.18568420410156
415	FBIS3-21941	4	32.984336853027344
415	LA060289-0029	5	30.037803649902344
415	LA051290-0120	6	29.315248489379883
415	FT923-12034	7	29.250526428222656
415	FT941-17554	8	29.126733779907227
415	FT943-5485	9	29.0649471282959
415	LA011389-0166	10	28.914291381835938
423	FT944-12689	1	38.08488464355469
423	FT942-11666	2	37.141178131103516
423	FBIS4-7539	3	36.22753143310547
423	FBIS4-7846	4	35.717529296875
423	FT924-11963	5	35.5686149597168
423	FBIS3-9178	6	35.55189514160156
423	FBIS4-32682	7	35.4766960144043
423	LA012089-0084	8	35.436798095703125
423	FBIS4-31961	9	35.40695571899414
423	FT922-3642	10	35.31540298461914
431	FBIS3-3923	1	36.20085906982422
431	FBIS3-46247	2	35.49577713012695
431	FBIS3-40223	3	35.106040954589844
431	FBIS3-24509	4	34.38498306274414
431	FBIS3-40531	5	34.35877990722656
431	FBIS4-22880	6	34.09111022949219
431	FBIS3-40534	7	33.82391357421875
431	FBIS3-40537	8	33.78688049316406
431	FBIS3-20966	9	33.77613830566406
431	FBIS3-40520	10	33.767147064208984
439	FBIS4-28316	1	31.93701171875
439	FT944-13122	2	31.897890090942383
439	LA123090-0011	3	30.820436477661133
439	LA102089-0100	4	30.541902542114258
439	LA100589-0058	5	30.303762435913086
439	FT932-13547	6	30.048717498779297
439	FBIS4-49929	7	29.893404006958008
439	LA041889-0085	8	29.863996505737305
439	LA022389-0081	9	29.769460678100586
439	FT931-1310	10	29.649879455566406
447	FT922-578	1	34.53205871582031
447	FT934-172	2	33.692283630371094
447	FT941-14135	3	33.23912811279297
447	FT942-3065	4	32.746849060058594
447	FT922-334	5	32.26649475097656
447	LA012489-0022	6	32.17916488647461
447	LA110990-0020	7	31.507421493530273
447	FT934-3008	8	31.090608596801758
447	LA100189-0128	9	30.877641677856445
447	FT944-2950	10	30.681318283081055
605	FT922-1200	1	33.07543182373047
605	FT931-8924	2	33.002349853515625
605	FT921-7794	3	32.94282150268555
605	FT923-4846	4	32.74814987182617
605	LA043089-0061	5	32.733154296875
605	FT941-6920	6	32.29825210571289
605	FT942-9640	7	31.89107322692871
605	FT923-14112	8	31.739553451538086
605	FT934-12644	9	31.620513916015625
605	FT933-10863	10	31.443710327148438
613	FT933-1020	1	36.10899353027344
613	FBIS3-19332	2	35.77749252319336
613	LA010290-0106	3	35.66319274902344
613	FT943-8785	4	35.19392776489258
613	FBIS3-22448	5	35.17454528808594
613	LA122289-0042	6	35.026771545410156
613	LA112089-0031	7	35.00678253173828
613	LA111189-0065	8	34.94591522216797
613	LA090290-0181	9	34.83978271484375
613	FT921-10731	10	34.772891998291016
621	FT941-3868	1	40.40555953979492
621	FT924-8156	2	39.280242919921875
621	LA110789-0149	3	38.660972595214844
621	FT924-9001	4	38.116798400878906
621	FT941-7858	5	37.225868225097656
621	FT932-2151	6	36.66001510620117
621	FT924-7590	7	36.536067962646484
621	FT921-11857	8	36.38933181762695
621	FT921-11847	9	36.38720703125
621	FT934-13060	10	36.11222457885742
629	FT933-7472	1	38.18524169921875
629	FT943-11458	2	37.675384521484375
629	LA041590-0152	3	37.51255798339844
629	FT931-4191	4	37.325321197509766
629	LA032689-0115	5	37.272117614746094
629	FT944-173	6	37.06814956665039
629	LA012489-0146	7	36.93720245361328
629	LA010889-0090	8	36.902950286865234
629	LA070489-0105	9	36.87692642211914
629	LA030589-0049	10	36.496337890625
637	LA122890-0150	1	33.837520599365234
637	LA092189-0166	2	31.901613235473633
637	FT921-14389	3	31.622716903686523
637	LA041789-0062	4	31.54427719116211
637	FT932-1217	5	31.178836822509766
637	FR940627-2-00086	6	30.75753402709961
637	FT923-6764	7	30.710805892944336
637	FBIS4-20480	8	30.54189682006836
637	FT932-899	9	30.539262771606445
637	FT944-5738	10	30.439571380615234
645	FT932-14130	1	37.26292037963867
645	FT944-15783	2	36.77180480957031
645	FT921-6989	3	36.620487213134766
645	FT944-16684	4	36.49212646484375
645	FBIS4-7278	5	36.320220947265625
645	FT924-4321	6	36.225833892822266
645	FT942-4659	7	36.0191650390625
645	FT932-2521	8	35.46140670776367
645	FT942-4841	9	35.408485412597656
645	FT911-3757	10	35.30121994018555
653	FT934-6497	1	41.17460632324219
653	LA093090-0190	2	40.76935958862305
653	FBIS4-46308	3	40.72385787963867
653	FT921-5242	4	40.543128967285156
653	LA011389-0033	5	39.982032775878906
653	FBIS4-68074	6	39.69977569580078
653	FT932-1942	7	39.69284439086914
653	FT921-10297	8	39.51088333129883
653	FBIS3-23178	9	39.37873840332031
653	FBIS3-60887	10	39.09013366699219
661	LA102490-0132	1	30.005292892456055
661	FT931-6595	2	29.303768157958984
661	LA052989-0031	3	28.746379852294922
661	LA111990-0034	4	28.519588470458984
661	LA021990-0055	5	27.562183380126953
661	FT931-5795	6	27.402210235595703
661	LA081390-0075	7	26.961824417114258
661	LA110590-0024	8	26.950397491455078
661	FT944-6606	9	26.503170013427734
661	FR940810-0-00317	10	26.230396270751953
669	FT921-9495	1	34.020809173583984
669	FBIS3-34081	2	33.988529205322266
669	LA061889-0148	3	33.214515686035156
669	LA020489-0044	4	32.88262176513672
669	FBIS3-33852	5	32.75233840942383
669	FBIS3-33798	6	32.72196960449219
669	FBIS3-14538	7	32.231014251708984
669	FBIS3-13846	8	32.19887161254883
669	FBIS3-28885	9	32.113037109375
669	FBIS3-34325	10	31.990568161010742
677	FT922-6399	1	40.87958908081055
677	LA080590-0064	2	40.103267669677734
677	LA102089-0186	3	40.036224365234375
677	FT921-8941	4	38.89841079711914
677	FT943-5813	5	38.83312225341797
677	FT922-11710	6	38.81591796875
677	FT941-2727	7	36.4398078918457
677	LA060490-0141	8	32.97597122192383
677	FT931-245	9	31.32189178466797
677	LA013090-0021	10	31.025671005249023
685	LA123090-0183	1	32.178955078125
685	LA011089-0055	2	32.016273498535156
685	LA032989-0089	3	31.938425064086914
685	FT921-3070	4	31.911439895629883
685	LA022189-0098	5	31.892200469970703
685	LA032790-0019	6	31.82176399230957
685	LA011089-0121	7	31.806209564208984
685	LA032989-0009	8	31.724815368652344
685	LA021889-0024	9	31.486438751220703
685	LA021689-0013	10	31.376678466796875
693	FT942-5098	1	35.904911041259766
693	FT944-17185	2	35.59551239013672
693	FT941-5639	3	35.48640823364258
693	FT941-2424	4	34.498165130615234
693	FT931-4713	5	34.35224914550781
693	FBIS3-2056	6	34.29625701904297
693	FT941-4672	7	34.11381530761719
693	FT934-10539	8	33.761138916015625
693	FBIS4-9653	9	31.984651565551758
693	FT942-951	10	31.557571411132812
304	FR941205-0-00114	1	34.69343566894531
304	LA031790-0072	2	34.076725006103516
304	FR940803-1-00068	3	33.56263732910156
304	FR940713-2-00075	4	33.49846267700195
304	LA051890-0003	5	33.36157989501953
304	FR940713-1-00064	6	33.31333541870117
304	FR941004-1-00053	7	33.287628173828125
304	FR940926-1-00017	8	33.281158447265625
304	LA122390-0067	9	33.22596740722656
304	FR941004-1-00048	10	33.141204833984375
312	FT944-14235	1	27.406808853149414
312	FT944-10466	2	26.94792938232422
312	FT921-6851	3	26.136634826660156
312	FBIS4-66359	4	25.41864013671875
312	FT941-11410	5	25.38564109802246
312	LA082290-0118	6	25.000112533569336
312	FT931-16271	7	24.987829208374023
312	FT931-15563	8	24.956802368164062
312	FBIS3-20612	9	24.859939575195312
312	FBIS3-20661	10	24.821819305419922
320	FT933-8271	1	39.46675109863281
320	FT924-12375	2	38.96644592285156
320	FBIS4-25142	3	38.173831939697266
320	FT922-7917	4	38.11898422241211
320	FT924-12383	5	37.99140167236328
320	FT941-13812	6	35.902923583984375
320	FT934-12066	7	35.820770263671875
320	FT941-13817	8	34.97998809814453
320	FT944-17646	9	34.807586669921875
320	FT922-1289	10	34.038734436035156
328	FT922-7713	1	37.902259826660156
328	LA050189-0046	2	36.71915817260742
328	FT922-7464	3	32.619632720947266
328	FT942-10572	4	32.253509521484375
328	LA071190-0068	5	31.71067237854004
328	FT923-13556	6	31.61597442626953
328	FBIS4-44027	7	31.490182876586914
328	FT944-647	8	31.298851013183594
328	FT923-12211	9	31.294015884399414
328	FT944-12877	10	31.27845001220703
336	LA012589-0100	1	35.0057373046875
336	LA081689-0053	2	34.63172912597656
336	FR940603-0-00103	3	33.78268814086914
336	LA071489-0030	4	33.730010986328125
336	FR940414-2-00004	5	33.55757141113281
336	LA103190-0063	6	33.43992233276367
336	FR940314-2-00016	7	33.426876068115234
336	FR940603-0-00100	8	33.22774124145508
336	FR940902-1-00069	9	33.001102447509766
336	FR940603-0-00102	10	32.854610443115234
344	FT941-6854	1	32.51734161376953
344	LA052390-0093	2	31.46358299255371
344	LA073190-0082	3	31.2354679107666
344	FT922-2176	4	30.44191551208496
344	FT923-7706	5	30.117778778076172
344	FT933-10030	6	30.085311889648438
344	FT944-16521	7	29.994726181030273
344	LA120190-0068	8	29.895124435424805
344	LA121489-0130	9	29.891048431396484
344	FR940324-1-00024	10	29.814973831176758
352	FT934-11803	1	35.87017822265625
352	FT941-4219	2	34.57795333862305
352	FT934-10925	3	34.00443649291992
352	FT942-10959	4	33.3028678894043
352	FT934-2741	5	33.26675796508789
352	FT943-904	6	32.98159408569336
352	FT932-5866	7	32.82930374145508
352	FT942-6682	8	32.80459976196289
352	LA120290-0163	9	32.71626281738281
352	FT942-15131	10	32.71402359008789
360	LA031289-0044	1	34.82250213623047
360	LA032590-0032	2	32.89158630371094
360	LA062589-0009	3	32.52098846435547
360	FR940304-1-00187	4	31.688278198242188
360	LA032590-0031	5	31.563215255737305
360	LA112689-0070	6	31.31011390686035
360	LA121389-0019	7	31.119319915771484
360	FR941017-1-00043	8	30.845840454101562
360	LA091690-0032	9	30.56194305419922
360	LA011090-0127	10	30.244529724121094
368	LA080790-0131	1	33.73804473876953
368	FT934-9438	2	32.608158111572266
368	LA101689-0053	3	31.015392303466797
368	LA062690-0178	4	29.467710494995117
368	FT921-4280	5	29.43031883239746
368	LA080789-0101	6	29.120861053466797
368	FR940523-0-00043	7	29.10561752319336
368	FT931-8242	8	28.96709632873535
368	FT931-8327	9	28.96709632873535
368	LA102590-0184	10	28.944751739501953
376	LA030889-0148	1	33.013160705566406
376	FT932-11125	2	31.191553115844727
376	FT941-13978	3	31.092702865600586
376	FBIS4-26096	4	31.00163459777832
376	FT931-7811	5	30.77509880065918
376	FT923-8335	6	30.453256607055664
376	FT942-7648	7	30.104766845703125
376	FT943-12965	8	29.891250610351562
376	FT942-13529	9	29.751728057861328
376	FT941-5673	10	29.724958419799805
384	LA052689-0183	1	36.05019760131836
384	FBIS3-21230	2	33.16483688354492
384	LA072189-0094	3	33.14005661010742
384	LA071090-0133	4	32.27884292602539
384	LA070989-0062	5	32.219337463378906
384	FT943-5598	6	32.014225006103516
384	FBIS4-18049	7	31.942644119262695
384	FBIS4-68323	8	31.79775619506836
384	LA063089-0071	9	31.70166778564453
384	FBIS4-61226	10	31.643821716308594
392	FT922-4414	1	33.29783630371094
392	FBIS3-40420	2	33.193809509277344
392	FBIS4-20655	3	32.73778533935547
392	FBIS3-3923	4	32.65592956542969
392	FT934-9399	5	32.48044967651367
392	FBIS3-20966	6	32.467262268066406
392	FBIS3-40223	7	32.32851028442383
392	FT922-9444	8	32.240013122558594
392	FBIS3-20967	9	32.15409851074219
392	FT942-14347	10	32.02280044555664
400	LA032590-0089	1	38.98112487792969
400	LA050789-0087	2	36.76553726196289
400	LA092390-0004	3	36.47422790527344
400	LA070890-0117	4	36.255828857421875
400	LA121890-0005	5	36.066619873046875
400	LA090990-0055	6	35.74962615966797
400	LA101589-0017	7	35.64561462402344
400	FT922-5538	8	34.806968688964844
400	LA111890-0263	9	34.78917694091797
400	FT943-12730	10	34.64544677734375
408	LA060689-0099	1	31.048927307128906
408	LA101489-0074	2	30.310466766357422
408	LA082990-0118	3	29.965166091918945
408	LA071389-0103	4	29.922496795654297
408	LA062290-0070	5	29.899585723876953
408	LA082189-0033	6	29.749279022216797
408	LA062889-0066	7	29.336341857910156
408	FT923-1747	8	29.311485290527344
408	LA100890-0072	9	29.29798126220703
408	LA082889-0052	10	29.277576446533203
416	FBIS3-46276	1	40.45658493041992
416	FBIS3-3047	2	40.17048263549805
416	FBIS4-66355	3	39.62102127075195
416	FBIS3-44550	4	39.52642059326172
416	FBIS3-45816	5	39.276084899902344
416	FBIS3-44551	6	39.26313018798828
416	FBIS3-59308	7	39.197547912597656
416	FBIS4-50715	8	39.12608337402344
416	FBIS4-26989	9	39.120906829833984
416	FBIS3-20613	10	39.05905532836914
424	LA121789-0035	1	30.98111915588379
424	LA101890-0241	2	30.975767135620117
424	FT922-5757	3	30.96857261657715
424	LA101390-0121	4	30.893552780151367
424	FT944-3141	5	30.481430053710938
424	LA091390-0098	6	30.355833053588867
424	LA110289-0120	7	30.340742111206055
424	LA103190-0037	8	30.28126335144043
424	LA103090-0183	9	30.272083282470703
424	LA032390-0082	10	30.218534469604492
432	FT922-6826	1	30.866640090942383
432	LA110289-0187	2	30.705848693847656
432	FT933-15846	3	30.52938461303711
432	LA060390-0119	4	30.38606071472168
432	LA051289-0114	5	30.34268569946289
432	LA010889-0149	6	30.1630916595459
432	LA111289-0114	7	30.13294792175293
432	LA113090-0069	8	30.02999496459961
432	FT942-6174	9	29.966123580932617
432	FT922-10576	10	29.92633819580078
440	LA031690-0183	1	30.826568603515625
440	FR940513-1-00107	2	30.763370513916016
440	FBIS4-50830	3	30.654403686523438
440	FR940513-1-00104	4	30.544727325439453
440	FR940513-1-00105	5	30.47154998779297
440	LA052890-0002	6	30.32706642150879
440	FT942-3471	7	30.306835174560547
440	FT943-15936	8	30.260128021240234
440	FR940513-1-00099	9	30.228530883789062
440	FR940622-0-00072	10	30.071367263793945
448	FT921-11935	1	34.45163345336914
448	FT942-4810	2	33.83546829223633
448	FT931-12892	3	33.40699768066406
448	FT942-2178	4	33.21350860595703
448	FT941-12543	5	32.6212272644043
448	FT931-8338	6	32.463443756103516
448	FT924-12615	7	32.367591857910156
448	FT934-860	8	32.340614318847656
448	FT924-7326	9	32.23133850097656
448	FT941-5732	10	32.223934173583984
606	LA042889-0181	1	39.419708251953125
606	LA052489-0063	2	33.89989471435547
606	FR940202-1-00045	3	31.234310150146484
606	LA091290-0158	4	30.295122146606445
606	FT921-347	5	30.183975219726562
606	FT932-13870	6	29.791292190551758
606	LA111390-0159	7	29.255382537841797
606	FT942-1008	8	29.238113403320312
606	FT923-14144	9	29.144969940185547
606	LA070789-0126	10	28.881032943725586
614	FR941003-2-00006	1	32.173614501953125
614	FT942-8796	2	29.375844955444336
614	LA080290-0023	3	29.186052322387695
614	LA081089-0069	4	29.071638107299805
614	FBIS4-32952	5	28.920236587524414
614	FT941-7775	6	28.827316284179688
614	LA083189-0063	7	28.78618621826172
614	FR941007-0-00015	8	28.23553466796875
614	LA080290-0025	9	28.015275955200195
614	LA080290-0026	10	27.57617950439453
622	LA042590-0148	1	34.653621673583984
622	LA042690-0227	2	34.44989013671875
622	FT942-4382	3	34.40781021118164
622	FT942-4386	4	34.2584342956543
622	LA042690-0231	5	34.14971923828125
622	FT944-12691	6	34.101287841796875
622	FT932-11738	7	33.980674743652344
622	LA031489-0127	8	33.73905944824219
622	FT934-8419	9	33.10553741455078
622	FT944-4805	10	32.85730743408203
630	FT944-16460	1	36.42397689819336
630	FBIS4-67633	2	35.921958923339844
630	FT944-11095	3	35.8232307434082
630	FBIS3-41804	4	35.25274658203125
630	FT921-6208	5	32.3985481262207
630	FT921-13870	6	32.082115173339844
630	FT921-405	7	31.898792266845703
630	FT921-14442	8	31.780616760253906
630	LA082790-0074	9	31.652389526367188
630	FT921-12899	10	31.563716888427734
638	LA112490-0040	1	30.102108001708984
638	LA092690-0155	2	30.034751892089844
638	FT921-4560	3	29.751544952392578
638	LA120490-0025	4	29.582237243652344
638	LA041889-0095	5	29.43246078491211
638	LA080190-0083	6	29.431293487548828
638	LA063089-0117	7	29.2435302734375
638	LA122390-0123	8	29.041730880737305
638	FT921-8109	9	29.03141212463379
638	FR941222-0-00068	10	29.01374626159668
646	LA082090-0113	1	38.25502014160156
646	LA082190-0091	2	37.46694564819336
646	LA041590-0171	3	35.625938415527344
646	FR940314-2-00011	4	35.02668380737305
646	LA082890-0055	5	34.864036560058594
646	FR940119-0-00013	6	34.58741760253906
646	FR941020-1-00011	7	34.467681884765625
646	LA082890-0006	8	34.13054275512695
646	FR941122-1-00017	9	34.022735595703125
646	FR940314-2-00010	10	33.6289176940918
654	LA072089-0183	1	32.788082122802734
654	FT923-5668	2	31.966442108154297
654	FT923-5556	3	31.011240005493164
654	LA040289-0219	4	30.971385955810547
654	LA081389-0069	5	30.59774398803711
654	LA020190-0191	6	30.50263786315918
654	LA100489-0140	7	30.471303939819336
654	LA050289-0070	8	29.71037483215332
654	FT933-15859	9	29.65595245361328
654	LA122489-0128	10	29.63472557067871
662	FR940516-1-00131	1	33.064701080322266
662	FT922-2178	2	31.705028533935547
662	LA121390-0218	3	31.31537628173828
662	LA081190-0096	4	29.4835262298584
662	FR940906-2-00127	5	29.22319793701172
662	LA101290-0105	6	29.22031593322754
662	FT931-2674	7	28.81423568725586
662	FR941222-2-00105	8	28.646223068237305
662	FT941-1176	9	28.63849639892578
662	FT922-2172	10	28.578153610229492
670	FT922-12817	1	34.81826400756836
670	FT941-987	2	34.71519470214844
670	LA103090-0005	3	34.11946487426758
670	LA060689-0091	4	33.43314743041992
670	FT942-5260	5	33.33930969238281
670	FBIS3-51446	6	33.270973205566406
670	FT931-3675	7	32.942222595214844
670	FT944-15616	8	32.49799346923828
670	FT942-16427	9	32.49740982055664
670	FT942-3697	10	32.276817321777344
678	LA042089-0108	1	31.727535247802734
678	FR940916-0-00074	2	30.1053524017334
678	FT924-3087	3	30.047578811645508
678	FT934-3208	4	29.978534698486328
678	FR940429-0-00026	5	29.515729904174805
678	FT944-6448	6	29.20635986328125
678	FT922-7230	7	29.155242919921875
678	LA031889-0102	8	29.070011138916016
678	FT934-3221	9	28.873905181884766
678	LA030490-0076	10	28.676156997680664
686	FT931-16819	1	37.2005615234375
686	FT924-1431	2	37.17748260498047
686	FT924-1428	3	37.051673889160156
686	FT924-7163	4	36.77763366699219
686	LA042689-0080	5	35.87699508666992
686	FT934-7764	6	35.767066955566406
686	FT921-8201	7	35.70484161376953
686	FT934-13877	8	35.2919807434082
686	FT944-14924	9	35.126277923583984
686	FT942-4847	10	35.10342788696289
694	LA042890-0004	1	33.819766998291016
694	LA041890-0035	2	33.522552490234375
694	LA041490-0090	3	31.12038230895996
694	LA020490-0049	4	29.37571144104004
694	LA041790-0025	5	29.152719497680664
694	FT932-14880	6	28.97524642944336
694	LA122890-0015	7	28.515769958496094
694	LA062190-0187	8	28.503355026245117
694	LA032289-0074	9	28.48680877685547
694	LA111790-0181	10	28.381990432739258
305	FT923-3444	1	32.028404235839844
305	FT921-2661	2	31.177270889282227
305	LA011890-0231	3	30.95627784729004
305	FT934-3351	4	30.293285369873047
305	FT933-5624	5	30.204883575439453
305	FT911-5075	6	30.190683364868164
305	LA112489-0003	7	29.731369018554688
305	LA111789-0079	8	29.683265686035156
305	FT941-14463	9	29.462940216064453
305	LA100889-0054	10	29.340118408203125
313	FBIS3-59655	1	38.26410675048828
313	FT943-3198	2	37.89255905151367
313	LA102690-0187	3	36.71366882324219
313	LA121290-0081	4	35.90687942504883
313	LA080490-0125	5	34.573299407958984
313	FBIS4-66412	6	33.7707405090332
313	FBIS3-30043	7	32.70335388183594
313	FBIS4-43553	8	32.143310546875
313	FBIS3-58831	9	31.83635711669922
313	LA081590-0078	10	30.332883834838867
321	FT933-14771	1	36.315284729003906
321	FT922-190	2	33.866153717041016
321	FT921-610	3	33.82415008544922
321	FT921-7786	4	33.79578399658203
321	FT922-52	5	33.65510177612305
321	FT933-17002	6	33.252750396728516
321	FT911-2525	7	33.24568176269531
321	FT944-17896	8	33.175289154052734
321	FT934-11493	9	32.507747650146484
321	FT944-11313	10	32.18760681152344
329	FT921-15471	1	36.743080139160156
329	FT921-15760	2	35.79084396362305
329	FT924-4528	3	35.481231689453125
329	FT921-2827	4	35.36701965332031
329	FT921-2803	5	35.36701965332031
329	LA061990-0058	6	35.36585998535156
329	LA061790-0069	7	35.05277633666992
329	FT921-15373	8	34.421104431152344
329	FT921-7845	9	34.19834899902344
329	FT921-9159	10	34.18406677246094
337	FR940527-1-00166	1	33.56922912597656
337	FR940527-1-00163	2	32.75301742553711
337	FBIS4-20345	3	32.525028228759766
337	FBIS4-67666	4	32.44516372680664
337	FBIS3-41710	5	32.424278259277344
337	FBIS3-22684	6	32.41272735595703
337	FBIS3-41744	7	32.06279754638672
337	FBIS4-20445	8	30.997379302978516
337	FBIS3-22685	9	30.81884765625
337	FBIS4-20441	10	30.691652297973633
345	FT922-12878	1	37.35429382324219
345	FT943-12227	2	34.29515075683594
345	FT944-7712	3	33.46085739135742
345	FT934-13046	4	33.180885314941406
345	FT944-9537	5	33.13331985473633
345	FT933-7207	6	33.10926818847656
345	FBIS4-45084	7	32.96086120605469
345	FT944-7586	8	32.87953567504883
345	FT943-2275	9	32.83760452270508
345	FT944-5165	10	32.810516357421875
353	FT911-558	1	34.59376525878906
353	FT931-9727	2	34.58781433105469
353	LA052889-0108	3	34.538352966308594
353	FT931-10666	4	34.072723388671875
353	FT931-11204	5	34.017333984375
353	FT924-8994	6	33.82456970214844
353	LA100190-0054	7	33.54618835449219
353	FT941-16602	8	33.32404708862305
353	LA100389-0123	9	33.282493591308594
353	FBIS4-67409	10	32.994537353515625
361	LA021090-0137	1	34.70832061767578
361	LA061290-0034	2	33.92701721191406
361	LA022890-0105	3	33.85624313354492
361	LA022890-0075	4	33.738494873046875
361	LA112989-0008	5	33.33976745605469
361	LA120689-0008	6	33.28396224975586
361	LA112889-0108	7	32.37982177734375
361	LA121889-0008	8	32.165771484375
361	LA081190-0123	9	32.13102722167969
361	LA061290-0137	10	31.814868927001953
369	LA061290-0021	1	32.841880798339844
369	LA082189-0039	2	32.73001480102539
369	FT923-15636	3	28.228212356567383
369	FT921-4305	4	27.189706802368164
369	FT943-5409	5	26.08602523803711
369	FT944-17819	6	25.644071578979492
369	FBIS4-45840	7	25.62462043762207
369	LA011989-0197	8	25.56050682067871
369	FT942-12137	9	25.389202117919922
369	LA101289-0194	10	25.10018539428711
377	LA022689-0024	1	33.12186813354492
377	LA102989-0038	2	32.07432174682617
377	FT942-10789	3	31.776165008544922
377	FT924-5949	4	31.618873596191406
377	FT941-15223	5	31.46125030517578
377	LA010590-0159	6	30.976219177246094
377	FT942-1181	7	30.69382667541504
377	FT944-6898	8	30.54351234436035
377	FT942-14179	9	30.528133392333984
377	FT944-5676	10	30.48759651184082
385	FT943-11934	1	36.50536346435547
385	FT944-4751	2	35.047889709472656
385	FBIS4-44854	3	34.91649627685547
385	FBIS4-44698	4	32.594749450683594
385	FR940922-1-00018	5	32.300071716308594
385	FBIS4-67596	6	31.908876419067383
385	FR940204-1-00002	7	31.419870376586914
385	FT924-2358	8	31.24462127685547
385	FR940930-0-00157	9	31.075679779052734
385	LA051890-0016	10	30.647869110107422
393	LA091189-0107	1	32.74676513671875
393	LA010990-0051	2	32.677452087402344
393	LA080190-0135	3	32.47207260131836
393	LA122689-0126	4	32.301605224609375
393	LA121390-0037	5	32.06379318237305
393	LA122789-0073	6	31.65196990966797
393	FT924-15580	7	31.50933265686035
393	LA050689-0099	8	31.377845764160156
393	LA122790-0176	9	31.16519546508789
393	LA012790-0140	10	31.040557861328125
401	FBIS3-20329	1	34.98762893676758
401	FBIS3-8308	2	34.45404052734375
401	FT924-3284	3	34.2848014831543
401	FBIS4-32200	4	34.27970504760742
401	FBIS4-18372	5	34.192073822021484
401	FBIS3-18916	6	33.679603576660156
401	FT924-5091	7	33.583984375
401	FT924-1732	8	33.536338806152344
401	FT924-7558	9	33.38566970825195
401	FBIS3-31156	10	32.91322708129883
409	FT941-758	1	37.25475311279297
409	LA051690-0101	2	35.709739685058594
409	FT923-13692	3	35.512046813964844
409	LA050989-0113	4	35.26728820800781
409	LA042089-0111	5	34.788124084472656
409	FT923-13817	6	34.56669616699219
409	LA031989-0099	7	34.56512451171875
409	LA121589-0082	8	34.432193756103516
409	LA021289-0119	9	34.30918502807617
409	LA092189-0137	10	34.209293365478516
417	LA092989-0114	1	33.8795051574707
417	FT931-12874	2	33.57080841064453
417	FBIS4-25449	3	33.40779495239258
417	LA022189-0094	4	32.602508544921875
417	LA061290-0132	5	31.94622802734375
417	LA101489-0015	6	31.856660842895508
417	FT942-8984	7	31.609235763549805
417	LA072990-0201	8	31.350473403930664
417	FT941-5859	9	31.289716720581055
417	LA093089-0065	10	31.252742767333984
425	FBIS4-46741	1	36.081031799316406
425	FT943-14585	2	35.38721466064453
425	LA071389-0111	3	34.633480072021484
425	FT934-10733	4	34.548988342285156
425	FBIS4-58263	5	34.514320373535156
425	FBIS4-19819	6	34.20882797241211
425	FBIS4-47199	7	33.84516525268555
425	FT934-10731	8	33.82989501953125
425	FT942-9467	9	33.47357940673828
425	LA040789-0048	10	33.3871955871582
433	LA080690-0141	1	29.21088218688965
433	FT941-4064	2	27.642404556274414
433	FT911-4174	3	27.360092163085938
433	FBIS4-18434	4	26.9368953704834
433	FBIS3-13963	5	26.779468536376953
433	FT922-2914	6	26.766101837158203
433	FBIS3-43076	7	26.667713165283203
433	FBIS3-59231	8	26.502382278442383
433	FBIS3-38703	9	26.406831741333008
433	LA082990-0005	10	26.2722110748291
441	LA092690-0153	1	34.60207748413086
441	LA112690-0027	2	34.041046142578125
441	LA092090-0248	3	33.495094299316406
441	LA073090-0058	4	33.29035568237305
441	LA071989-0117	5	31.855144500732422
441	FBIS4-67664	6	31.718719482421875
441	LA081989-0064	7	31.078693389892578
441	FBIS4-45839	8	31.005916595458984
441	LA061389-0087	9	28.458646774291992
441	FT933-11362	10	28.253494262695312
449	FR940523-0-00038	1	31.874393463134766
449	LA111090-0106	2	30.422761917114258
449	LA021989-0159	3	30.07101821899414
449	LA082090-0069	4	28.928802490234375
449	FT942-8985	5	28.7767333984375
449	FT934-6703	6	28.63772201538086
449	FT943-1637	7	28.22334861755371
449	FR941019-2-00075	8	28.211048126220703
449	FT933-5254	9	27.827791213989258
449	FBIS4-23032	10	27.775869369506836
607	FT923-7735	1	32.95165252685547
607	FT934-2039	2	31.96216583251953
607	FR940527-1-00165	3	31.734683990478516
607	FT943-16993	4	31.183252334594727
607	FT944-17394	5	30.581485748291016
607	FT922-11695	6	30.546157836914062
607	LA040889-0050	7	30.129878997802734
607	FT934-16732	8	30.07533073425293
607	LA042990-0020	9	29.96323585510254
607	FT933-13787	10	29.527856826782227
615	FT931-1406	1	36.93372344970703
615	FT944-3090	2	36.05121612548828
615	FT924-14020	3	34.86604690551758
615	FBIS3-47125	4	34.7630729675293
615	FBIS4-21357	5	34.65799331665039
615	FT932-1763	6	34.503318786621094
615	FBIS3-41426	7	34.37775421142578
615	FT941-289	8	34.07931900024414
615	FT942-2297	9	33.960906982421875
615	FBIS4-28988	10	33.95233917236328
623	LA080990-0105	1	36.51015853881836
623	FBIS3-6792	2	34.927555084228516
623	FBIS3-15478	3	34.422828674316406
623	FBIS3-21583	4	33.62603759765625
623	FBIS3-17889	5	33.53887176513672
623	FT922-1442	6	33.525936126708984
623	FT923-6205	7	33.31021499633789
623	FBIS4-63196	8	33.263206481933594
623	FT922-1341	9	33.2422981262207
623	FBIS4-21544	10	33.087890625
631	FBIS4-47981	1	42.37505340576172
631	FT942-12101	2	41.727638244628906
631	FBIS3-25416	3	41.69650650024414
631	FBIS3-1490	4	41.622989654541016
631	FBIS4-47794	5	41.59900665283203
631	FBIS3-1168	6	41.43031311035156
631	FBIS3-43746	7	41.35884094238281
631	FBIS4-47801	8	41.22198486328125
631	FBIS4-49677	9	41.13288116455078
631	FBIS4-48049	10	41.11205291748047
639	FT942-1663	1	33.86434555053711
639	FT943-16992	2	32.68301773071289
639	FT943-4665	3	32.40473175048828
639	FT934-17148	4	31.054718017578125
639	FT944-16099	5	30.969209671020508
639	FT943-4552	6	30.737472534179688
639	FT944-9648	7	30.60916519165039
639	FT922-7787	8	30.499780654907227
639	FT944-4472	9	30.404035568237305
639	FT934-17332	10	30.402128219604492
647	LA081290-0130	1	32.69659423828125
647	FBIS4-22877	2	32.255645751953125
647	LA031989-0031	3	31.86469078063965
647	FT941-4901	4	31.78525161743164
647	LA110490-0015	5	31.295303344726562
647	FBIS3-22248	6	30.755908966064453
647	LA092489-0136	7	29.710065841674805
647	FT934-14106	8	29.620559692382812
647	FBIS3-59629	9	28.640058517456055
647	FT933-7093	10	28.544395446777344
655	FR940725-0-00044	1	28.7443904876709
655	FR941028-2-00185	2	27.79735565185547
655	FR940707-2-00072	3	27.170604705810547
655	FR940830-2-00058	4	26.990150451660156
655	FR940707-2-00077	5	26.140531539916992
655	FR940224-2-00087	6	25.623350143432617
655	FR940805-1-00073	7	25.538427352905273
655	FR941028-2-00172	8	25.432449340820312
655	FR941107-2-00219	9	25.338939666748047
655	FR940721-2-00061	10	25.281583786010742
663	LA081090-0080	1	39.673545837402344
663	LA033090-0070	2	37.623748779296875
663	LA062589-0164	3	37.443843841552734
663	LA050989-0122	4	37.34459686279297
663	FR940203-1-00050	5	36.95289611816406
663	FBIS3-42111	6	36.85101318359375
663	LA102190-0157	7	36.82549285888672
663	LA060989-0123	8	36.74829864501953
663	FR940104-2-00080	9	36.54999542236328
663	LA071889-0157	10	36.284996032714844
671	LA072089-0025	1	36.522621154785156
671	FT934-2326	2	36.17449188232422
671	LA091890-0141	3	35.49640655517578
671	LA080489-0027	4	34.840824127197266
671	LA092090-0096	5	34.77554702758789
671	LA121289-0005	6	34.26987075805664
671	LA060890-0044	7	33.81031799316406
671	LA050789-0175	8	33.24452209472656
671	LA120989-0112	9	33.2247200012207
671	LA123190-0100	10	32.820133209228516
679	LA071490-0012	1	39.24269104003906
679	LA071490-0010	2	37.413612365722656
679	LA072290-0043	3	36.79879379272461
679	LA070490-0027	4	36.24920654296875
679	LA070190-0124	5	36.122108459472656
679	LA082490-0081	6	34.36375045776367
679	LA061790-0048	7	32.060970306396484
679	LA051890-0173	8	31.346267700195312
679	FT921-15213	9	30.143112182617188
679	LA052890-0022	10	29.713233947753906
687	FT943-3201	1	40.669921875
687	FT933-4354	2	39.825477600097656
687	FT944-14550	3	38.24489974975586
687	FT944-8544	4	37.948448181152344
687	FT932-8354	5	37.71712112426758
687	FT934-12656	6	37.4706916809082
687	FT944-3035	7	37.446815490722656
687	FT923-14218	8	37.143882751464844
687	FT932-11333	9	37.12382125854492
687	FT933-15850	10	36.981651306152344
695	LA061589-0223	1	36.42961120605469
695	FT934-5402	2	36.098236083984375
695	LA061589-0136	3	35.8331298828125
695	LA062090-0006	4	35.70582962036133
695	FT943-3874	5	34.930355072021484
695	FT924-7385	6	34.46725082397461
695	LA050389-0097	7	34.16984939575195
695	FT944-1587	8	34.15203857421875
695	LA012489-0073	9	34.01819610595703
695	LA113090-0149	10	33.8468132019043
306	FBIS3-271	1	34.73337173461914
306	FBIS3-43549	2	34.67416000366211
306	FBIS4-48118	3	34.597660064697266
306	FT942-7795	4	34.27463150024414
306	FBIS3-232	5	34.16166305541992
306	FBIS4-23996	6	34.1216926574707
306	FBIS3-52800	7	34.06086730957031
306	FBIS3-25395	8	34.04936599731445
306	LA072289-0057	9	34.02476119995117
306	FBIS3-25179	10	33.99414825439453
314	FR941110-0-00294	1	27.6380558013916
314	FR940127-1-00035	2	27.506553649902344
314	FR941227-2-00088	3	27.480445861816406
314	LA060390-0219	4	27.438371658325195
314	FR940328-0-00030	5	27.37687873840332
314	FR940804-1-00020	6	27.268396377563477
314	FT943-1589	7	27.23316764831543
314	LA092290-0170	8	27.045053482055664
314	FR940928-1-00043	9	26.808364868164062
314	LA122589-0092	10	26.795217514038086
322	LA032090-0091	1	35.042884826660156
322	LA050390-0251	2	33.313011169433594
322	FT923-1946	3	32.98487854003906
322	FT923-6519	4	32.7083740234375
322	LA110690-0009	5	32.33976364135742
322	LA062190-0236	6	32.04344177246094
322	FT942-14503	7	31.6806640625
322	LA061590-0058	8	31.59442138671875
322	LA102189-0003	9	31.50592041015625
322	LA102389-0079	10	31.49262237548828
330	LA030689-0075	1	38.319061279296875
330	FBIS4-37307	2	38.124656677246094
330	FBIS4-65419	3	37.81867218017578
330	FBIS4-37102	4	37.338748931884766
330	LA042389-0159	5	37.15241622924805
330	FBIS3-13005	6	36.920501708984375
330	LA070490-0026	7	36.87335968017578
330	FBIS3-53845	8	36.78080368041992
330	FBIS3-53920	9	36.78032684326172
330	FBIS4-38127	10	36.64173889160156
338	FT941-16918	1	33.954376220703125
338	LA120390-0085	2	33.120784759521484
338	LA082889-0041	3	31.984615325927734
338	LA070390-0081	4	31.97205924987793
338	LA070290-0119	5	31.52914810180664
338	FR940620-2-00122	6	31.45269775390625
338	FR940202-2-00114	7	31.092573165893555
338	LA121889-0033	8	30.74296760559082
338	LA040590-0161	9	30.191932678222656
338	FT942-3091	10	30.0931396484375
346	FT921-11558	1	34.55328369140625
346	FT932-13789	2	33.05634689331055
346	FR941028-1-00041	3	33.01531982421875
346	FT923-4850	4	32.69667434692383
346	FT934-9849	5	32.38016128540039
346	FT921-11402	6	32.36985397338867
346	FT934-5004	7	32.248435974121094
346	FR940124-1-00050	8	32.150123596191406
346	FT922-349	9	32.00463104248047
346	LA092690-0088	10	31.829395294189453
354	LA032489-0051	1	31.824363708496094
354	FT924-14405	2	30.972713470458984
354	FT933-3842	3	30.816869735717773
354	FT932-451	4	30.370359420776367
354	FBIS4-54468	5	30.3104305267334
354	LA032690-0018	6	30.278240203857422
354	FT924-7838	7	30.222564697265625
354	FBIS3-2788	8	30.179128646850586
354	FT923-9220	9	30.166507720947266
354	FT942-8105	10	30.084280014038086
362	FBIS4-2725	1	34.109500885009766
362	FBIS3-2234	2	34.065528869628906
362	FBIS3-48263	3	33.96915054321289
362	FT932-5376	4	33.18144989013672
362	FBIS3-26112	5	32.912750244140625
362	FBIS3-26221	6	32.8938102722168
362	LA121289-0059	7	32.57243347167969
362	FBIS4-3829	8	32.43800354003906
362	FBIS4-24385	9	32.41046142578125
362	FBIS3-3474	10	32.27513885498047
370	LA110889-0061	1	34.624267578125
370	FR941006-1-00155	2	33.29706954956055
370	FR941013-1-00042	3	32.86903762817383
370	FR940105-0-00052	4	32.81965255737305
370	FR940314-1-00043	5	32.55641174316406
370	FR940830-1-00102	6	32.529685974121094
370	FR940204-0-00008	7	32.376895904541016
370	FR940128-2-00143	8	32.221988677978516
370	FR940314-1-00041	9	32.175601959228516
370	FR940523-0-00050	10	32.110816955566406
378	FT944-5295	1	35.95184326171875
378	FT923-1784	2	35.34293746948242
378	FT924-10845	3	34.09868621826172
378	FT922-2099	4	33.93145751953125
378	FT931-13891	5	33.83818054199219
378	FT933-8077	6	33.7120475769043
378	FT923-7514	7	33.66093826293945
378	FT942-4639	8	33.649654388427734
378	FT934-15842	9	33.49712371826172
378	FT931-9157	10	33.482818603515625
386	FR940725-0-00052	1	31.3853759765625
386	FR940719-2-00081	2	31.361061096191406
386	LA010689-0157	3	31.177919387817383
386	FR940725-0-00051	4	30.666053771972656
386	LA032390-0166	5	30.61672019958496
386	LA100690-0008	6	30.571308135986328
386	FT924-14456	7	30.52616310119629
386	FR940610-2-00219	8	30.478967666625977
386	LA061990-0133	9	30.343196868896484
386	FR940610-2-00228	10	30.306640625
394	FT942-9445	1	32.80767822265625
394	FBIS4-48922	2	29.449256896972656
394	FT941-16734	3	29.184574127197266
394	LA100490-0042	4	28.48099136352539
394	FR941230-2-00125	5	28.428762435913086
394	FR940610-1-00095	6	28.279850006103516
394	FT922-4727	7	28.106290817260742
394	LA031190-0045	8	28.084077835083008
394	LA100990-0004	9	27.991941452026367
394	FR940725-0-00062	10	27.961151123046875
402	FR940817-2-00261	1	26.961441040039062
402	LA101290-0115	2	26.8828182220459
402	LA110589-0171	3	26.718456268310547
402	FT933-5693	4	26.077455520629883
402	FR940817-2-00253	5	25.926267623901367
402	FT924-6735	6	25.91275405883789
402	LA082090-0138	7	25.88614273071289
402	FR940405-2-00062	8	25.87515640258789
402	FR940817-2-00249	9	25.69133949279785
402	LA101690-0121	10	25.496475219726562
410	LA062090-0079	1	35.885589599609375
410	FBIS3-39341	2	35.74656677246094
410	FT932-12074	3	35.1588020324707
410	FBIS3-59001	4	34.78135299682617
410	FBIS4-64577	5	34.69023513793945
410	FBIS4-44277	6	33.43966293334961
410	FT944-4056	7	33.3752555847168
410	FT922-751	8	33.365211486816406
410	FBIS3-59008	9	33.344173431396484
410	FT941-12878	10	32.68548583984375
418	LA052990-0059	1	29.673919677734375
418	LA032889-0050	2	29.225740432739258
418	LA121389-0163	3	29.205236434936523
418	LA072589-0049	4	28.747081756591797
418	LA051889-0088	5	27.777507781982422
418	LA102189-0167	6	27.722332000732422
418	LA080690-0005	7	27.20566177368164
418	LA120490-0133	8	26.938657760620117
418	LA090490-0034	9	26.845569610595703
418	LA080990-0204	10	26.811208724975586
426	LA082790-0084	1	35.01402282714844
426	LA121790-0084	2	34.93275833129883
426	LA051990-0141	3	33.38555145263672
426	LA050989-0061	4	32.958736419677734
426	LA031590-0154	5	32.92470932006836
426	LA021490-0113	6	32.51033020019531
426	LA042490-0076	7	32.39413833618164
426	LA012289-0186	8	31.523618698120117
426	LA120989-0017	9	31.44792938232422
426	LA123089-0053	10	31.380788803100586
434	FT942-14647	1	39.56427764892578
434	FBIS4-47093	2	38.37908172607422
434	FBIS4-17252	3	38.00740432739258
434	FBIS3-61392	4	37.92023849487305
434	FBIS3-42852	5	37.599674224853516
434	FT942-14640	6	37.24555206298828
434	FBIS3-23779	7	37.18193435668945
434	FBIS3-42632	8	37.14906311035156
434	FBIS3-23781	9	36.929725646972656
434	FBIS3-23777	10	36.89152145385742
442	FT933-2947	1	28.284006118774414
442	FT911-5180	2	27.594636917114258
442	FT921-13872	3	27.592876434326172
442	FT923-2161	4	27.543659210205078
442	FT944-17176	5	27.07025909423828
442	FT942-17506	6	26.93950080871582
442	FBIS4-2254	7	26.91884422302246
442	LA102689-0081	8	26.801427841186523
442	FT932-4919	9	26.756071090698242
442	LA120789-0159	10	26.728321075439453
450	FT934-6691	1	37.57816696166992
450	FT941-10100	2	36.810665130615234
450	FT924-8272	3	36.69072341918945
450	FT941-13153	4	36.58287811279297
450	LA080890-0149	5	36.46244812011719
450	LA020990-0117	6	36.31629180908203
450	FT943-12560	7	36.10132598876953
450	FT924-9214	8	36.09682083129883
450	FT943-14084	9	35.95672607421875
450	FT932-12056	10	35.854549407958984
608	FT924-6213	1	33.59139633178711
608	FBIS3-39913	2	31.981189727783203
608	LA060890-0021	3	31.73529815673828
608	FT924-11006	4	31.276973724365234
608	FT933-5905	5	31.20970916748047
608	FR941027-2-00050	6	31.19382095336914
608	FT911-3420	7	30.899980545043945
608	LA032490-0125	8	30.575374603271484
608	LA123089-0104	9	30.50604248046875
608	LA020490-0204	10	30.501819610595703
616	FT921-4982	1	37.792789459228516
616	FT923-7999	2	37.288822174072266
616	FT923-10115	3	35.711578369140625
616	FT943-3983	4	35.28898239135742
616	FT922-8096	5	35.145023345947266
616	FT923-7159	6	34.656150817871094
616	FT911-1193	7	34.1947135925293
616	FBIS3-29850	8	33.71818542480469
616	FT932-3414	9	33.44883728027344
616	FT941-17177	10	33.3891487121582
624	FT922-12951	1	37.852020263671875
624	LA120689-0114	2	37.78184509277344
624	LA042690-0184	3	37.272613525390625
624	LA042289-0070	4	36.67314147949219
624	FT933-11260	5	35.91373062133789
624	LA032889-0135	6	34.485965728759766
624	LA121789-0240	7	33.84897994995117
624	FT924-5422	8	33.74250030517578
624	LA121089-0218	9	33.291236877441406
624	LA012790-0154	10	31.16156768798828
632	FT942-9756	1	36.45586013793945
632	FT932-11184	2	36.338706970214844
632	FT923-8113	3	35.929569244384766
632	FT911-4912	4	35.737693786621094
632	FT922-5564	5	35.65516662597656
632	FT931-345	6	35.64878463745117
632	FT923-8983	7	34.44794845581055
632	FT933-5293	8	34.00716781616211
632	FBIS4-53383	9	33.94995880126953
632	FBIS4-4868	10	33.93252944946289
640	FT944-15308	1	33.532222747802734
640	FT931-9324	2	33.397743225097656
640	FT931-13452	3	33.08049011230469
640	FT922-6864	4	32.75368118286133
640	FT931-8172	5	32.7054557800293
640	FT944-11793	6	32.646759033203125
640	FT924-12923	7	32.532447814941406
640	FT934-4522	8	32.47645950317383
640	FT924-12511	9	32.46050262451172
640	FT933-467	10	32.39707565307617
648	LA051890-0055	1	34.91434097290039
648	LA051790-0183	2	34.788516998291016
648	LA051890-0054	3	34.782691955566406
648	FR940314-2-00093	4	33.008384704589844
648	FR940831-2-00104	5	32.566619873046875
648	LA072790-0004	6	32.55799865722656
648	FT931-11152	7	32.366973876953125
648	LA102790-0043	8	31.444820404052734
648	LA102590-0226	9	31.324310302734375
648	LA051390-0161	10	31.14207649230957
656	LA070989-0148	1	37.47306442260742
656	LA032590-0171	2	37.356048583984375
656	FR941102-1-00121	3	37.00044631958008
656	FR941102-1-00120	4	35.94222640991211
656	FR940406-2-00070	5	35.260398864746094
656	FR940114-2-00064	6	35.234378814697266
656	FR940512-1-00099	7	35.220428466796875
656	FR940512-1-00100	8	34.82331466674805
656	LA060989-0119	9	34.76170349121094
656	LA060789-0049	10	34.47648620605469
664	LA050989-0003	1	39.23776626586914
664	LA111589-0048	2	39.1143684387207
664	LA111589-0065	3	38.98599624633789
664	LA052290-0104	4	38.189735412597656
664	LA080590-0048	5	37.77137756347656
664	LA111489-0003	6	36.86782455444336
664	LA060889-0106	7	35.8564453125
664	LA111689-0084	8	35.75300598144531
664	FR940119-2-00062	9	34.979278564453125
664	LA052189-0188	10	34.6102180480957
672	LA052590-0061	1	31.425142288208008
672	LA060790-0120	2	30.25720977783203
672	LA061290-0149	3	29.806766510009766
672	LA061090-0218	4	29.65840721130371
672	FR940826-2-00120	5	29.47970199584961
672	FT944-10268	6	29.14554214477539
672	LA091089-0006	7	29.070960998535156
672	FT922-6996	8	28.93181610107422
672	LA073089-0118	9	28.61945343017578
672	FR941027-2-00099	10	28.442495346069336
680	LA030589-0219	1	34.239261627197266
680	LA101590-0098	2	33.99794387817383
680	LA032990-0014	3	32.92637634277344
680	LA061889-0131	4	32.54315948486328
680	LA062989-0128	5	32.54112243652344
680	LA122789-0039	6	32.43156051635742
680	LA070390-0137	7	31.586854934692383
680	LA061290-0110	8	31.402484893798828
680	LA073089-0160	9	31.185274124145508
680	LA011590-0017	10	30.910266876220703
688	LA022890-0157	1	31.033954620361328
688	LA112090-0187	2	30.85207176208496
688	LA102090-0143	3	30.815969467163086
688	FBIS3-37161	4	30.75115203857422
688	FT934-4074	5	30.35874366760254
688	FBIS4-35910	6	30.182146072387695
688	LA071690-0006	7	30.105802536010742
688	FT934-14328	8	30.098119735717773
688	FT942-4872	9	30.028587341308594
688	LA040589-0156	10	29.991626739501953
696	LA100790-0250	1	31.118370056152344
696	FT921-9051	2	30.42262077331543
696	FT921-14498	3	30.378877639770508
696	FT944-4208	4	30.208784103393555
696	LA071090-0002	5	29.992034912109375
696	LA092489-0024	6	29.979541778564453
696	LA082789-0174	7	29.548200607299805
696	FT934-13388	8	29.315309524536133
696	LA032790-0089	9	29.100881576538086
696	FR940805-2-00060	10	28.800411224365234
307	FR940607-2-00030	1	35.20316696166992
307	FR940513-2-00030	2	35.136962890625
307	FR940214-2-00023	3	35.08189392089844
307	FBIS4-33622	4	34.94862747192383
307	FR940930-2-00021	5	34.75237274169922
307	FR940204-2-00046	6	34.505226135253906
307	FR940414-2-00020	7	34.39744567871094
307	FR940114-2-00036	8	34.34320068359375
307	FR940512-2-00028	9	34.20958709716797
307	FR940804-2-00059	10	34.178688049316406
315	LA101290-0158	1	32.52557373046875
315	LA110290-0029	2	31.34868621826172
315	LA112190-0086	3	31.265073776245117
315	LA092389-0139	4	31.05913734436035
315	LA101290-0086	5	30.848575592041016
315	LA091489-0206	6	30.73330307006836
315	FR940114-1-00056	7	30.67226219177246
315	LA010389-0041	8	30.604148864746094
315	LA011790-0131	9	30.554731369018555
315	LA010589-0033	10	30.447704315185547
323	LA071789-0021	1	31.797298431396484
323	LA102689-0011	2	31.05154037475586
323	LA072190-0055	3	30.56798553466797
323	LA111090-0102	4	30.399585723876953
323	FT932-8211	5	30.177249908447266
323	LA072190-0056	6	30.079708099365234
323	LA010790-0054	7	29.461509704589844
323	LA052989-0049	8	28.953651428222656
323	LA111890-0100	9	28.934555053710938
323	LA052390-0110	10	28.870548248291016
331	FT942-13529	1	40.0974006652832
331	FT933-8483	2	39.66396713256836
331	FT943-1109	3	38.53057098388672
331	FT911-1690	4	37.99842071533203
331	FT943-273	5	36.6932487487793
331	FT933-6337	6	36.440879821777344
331	FT911-2760	7	36.36178970336914
331	FT933-13320	8	36.19247817993164
331	FT924-5815	9	35.95952224731445
331	FT933-939	10	35.780670166015625
339	LA072489-0041	1	36.007232666015625
339	LA050290-0159	2	34.659324645996094
339	LA082090-0069	3	34.413700103759766
339	FT933-3956	4	34.03695297241211
339	FT932-7262	5	33.9319953918457
339	LA020590-0126	6	33.26930236816406
339	LA051989-0006	7	32.892127990722656
339	FT942-17255	8	32.86347198486328
339	FR940816-2-00070	9	32.47527313232422
339	FT922-715	10	31.917526245117188
347	LA081790-0078	1	33.65872573852539
347	LA012089-0087	2	33.651100158691406
347	LA080990-0034	3	33.50836181640625
347	FT943-5087	4	33.159698486328125
347	FT944-8277	5	32.33108901977539
347	LA052189-0025	6	32.30561828613281
347	FBIS3-22312	7	32.21600341796875
347	LA010289-0001	8	32.03880310058594
347	FT933-7330	9	31.269287109375
347	FT941-11860	10	31.250446319580078
355	FBIS4-20436	1	38.25190734863281
355	FR940505-1-00449	2	32.5515251159668
355	FBIS3-21016	3	31.871858596801758
355	FBIS4-47374	4	31.700321197509766
355	FR941227-2-00108	5	31.589195251464844
355	FT934-2218	6	31.32999038696289
355	FBIS3-40224	7	30.932424545288086
355	FBIS4-47382	8	30.163471221923828
355	FBIS3-42525	9	29.827415466308594
355	FBIS4-67760	10	29.777997970581055
363	LA071490-0103	1	32.99469757080078
363	FT944-8807	2	32.29481887817383
363	FT934-5480	3	32.23289489746094
363	FT934-6239	4	32.22666549682617
363	LA071490-0079	5	32.13751220703125
363	LA102089-0168	6	32.0377082824707
363	FT941-7101	7	31.443649291992188
363	LA020790-0101	8	31.263938903808594
363	LA021790-0136	9	31.231922149658203
363	FT941-7105	10	31.199562072753906
371	FT933-2419	1	30.239286422729492
371	LA051289-0118	2	30.06375503540039
371	LA040389-0022	3	29.851701736450195
371	FT932-9008	4	29.593029022216797
371	FT941-12221	5	29.57543182373047
371	LA100289-0038	6	29.53215789794922
371	FT921-6382	7	29.370372772216797
371	LA033189-0153	8	29.34615707397461
371	LA020490-0221	9	29.11488914489746
371	LA062889-0006	10	29.079011917114258
379	LA110890-0003	1	33.03030014038086
379	FT934-6431	2	31.591644287109375
379	FT941-2336	3	28.264129638671875
379	FBIS3-20817	4	28.034358978271484
379	LA112590-0054	5	27.151824951171875
379	FT943-7917	6	26.793895721435547
379	LA102690-0163	7	26.773237228393555
379	LA061789-0046	8	26.75264549255371
379	FT943-7914	9	26.6868896484375
379	FT931-2171	10	26.14472770690918
387	FT943-9990	1	37.02096939086914
387	LA073189-0071	2	36.74482727050781
387	FT942-8483	3	36.73433303833008
387	FBIS3-19332	4	36.58207321166992
387	FR940128-2-00066	5	36.57539367675781
387	FT941-12824	6	36.3664665222168
387	FT944-9356	7	36.2937126159668
387	FT932-16261	8	36.26634979248047
387	FT911-2041	9	36.24109649658203
387	FBIS4-40777	10	36.20801544189453
395	LA072389-0045	1	32.53508377075195
395	FBIS4-51074	2	31.188325881958008
395	FT923-6468	3	30.875883102416992
395	FBIS4-49095	4	30.801288604736328
395	FT924-13746	5	30.78874397277832
395	FT911-4762	6	30.673412322998047
395	FBIS3-44837	7	30.34244155883789
395	FT942-7298	8	30.340625762939453
395	FBIS3-21405	9	30.22180938720703
395	FT924-6293	10	30.216354370117188
403	LA020490-0136	1	31.696979522705078
403	LA011389-0029	2	30.956554412841797
403	LA030689-0082	3	30.423076629638672
403	LA032290-0151	4	30.207197189331055
403	LA010390-0067	5	29.454238891601562
403	FR940912-2-00088	6	28.887170791625977
403	LA092890-0067	7	28.73255729675293
403	LA010790-0103	8	28.465347290039062
403	LA071290-0133	9	28.174070358276367
403	LA051889-0006	10	27.9378604888916
411	FT932-4727	1	33.16034698486328
411	FT921-12794	2	30.673507690429688
411	FT921-12954	3	30.549190521240234
411	FT921-12941	4	30.452308654785156
411	LA100189-0095	5	30.143089294433594
411	FT944-6915	6	30.069576263427734
411	FT943-8674	7	29.79317855834961
411	FT922-13211	8	29.502349853515625
411	LA111289-0106	9	29.368581771850586
411	LA070890-0215	10	29.111278533935547
419	FBIS4-67400	1	34.473575592041016
419	FT932-7870	2	34.09443283081055
419	FT923-438	3	32.811439514160156
419	FT922-4410	4	32.305240631103516
419	FT942-12569	5	32.08558654785156
419	LA012889-0073	6	31.95221519470215
419	FT922-4531	7	31.526138305664062
419	LA083089-0120	8	31.455150604248047
419	FT911-1586	9	31.396907806396484
419	FT943-10865	10	31.366819381713867
427	FT933-1362	1	31.88507843017578
427	LA082089-0008	2	30.564233779907227
427	FR940318-0-00205	3	28.970905303955078
427	FR940405-1-00143	4	28.90909767150879
427	FR941028-2-00203	5	28.453332901000977
427	FR940405-1-00145	6	28.207895278930664
427	FBIS4-47414	7	28.075037002563477
427	LA112290-0071	8	27.844263076782227
427	LA121889-0073	9	27.620670318603516
427	FR940516-1-00120	10	27.48272132873535
435	FT943-8138	1	37.74379348754883
435	LA121589-0139	2	33.817344665527344
435	FT934-7698	3	33.349266052246094
435	FT944-13631	4	32.89236831665039
435	FBIS4-4060	5	32.802978515625
435	LA102689-0071	6	32.44780731201172
435	FT943-3422	7	32.27060317993164
435	FT943-8239	8	32.18149185180664
435	FBIS4-48918	9	31.51675033569336
435	FT922-10566	10	31.42658233642578
443	FT934-7736	1	35.89906692504883
443	FT924-6026	2	35.4615592956543
443	FT942-5996	3	34.943992614746094
443	FT933-5769	4	34.533634185791016
443	FT942-5887	5	34.433006286621094
443	FBIS4-29593	6	34.427467346191406
443	FT944-8644	7	34.25825500488281
443	FT944-17700	8	34.21501159667969
443	FT932-7454	9	33.39628982543945
443	FBIS4-12856	10	33.39057159423828
601	FT931-10200	1	37.479801177978516
601	FT944-10568	2	36.49248504638672
601	FBIS4-12840	3	35.93694305419922
601	FT931-14451	4	35.756874084472656
601	FBIS3-58184	5	35.63884353637695
601	FBIS4-13367	6	35.62646484375
601	FBIS3-58186	7	35.50371551513672
601	FBIS3-53517	8	35.47770309448242
601	FBIS3-58485	9	35.19073486328125
601	FBIS3-58560	10	35.12861251831055
609	LA070690-0084	1	36.65209197998047
609	FT933-10079	2	35.596351623535156
609	LA070990-0085	3	34.64182662963867
609	FBIS3-9210	4	34.273555755615234
609	FT932-1944	5	32.28395080566406
609	FT943-12492	6	32.278724670410156
609	FT943-9865	7	31.93737030029297
609	FT944-4029	8	30.640087127685547
609	LA120490-0157	9	30.536090850830078
609	FT931-3767	10	30.513154983520508
617	FBIS3-36211	1	36.41330337524414
617	FT932-7462	2	35.96728515625
617	FBIS3-10309	3	35.751487731933594
617	FT944-12369	4	35.61172103881836
617	FBIS4-47059	5	35.23818588256836
617	FBIS3-24655	6	34.836341857910156
617	FBIS4-34238	7	34.70392608642578
617	FBIS4-10222	8	34.579139709472656
617	FBIS3-17768	9	34.327842712402344
617	FBIS3-10680	10	33.93018341064453
625	FBIS4-21838	1	38.398231506347656
625	FT931-5357	2	35.55803298950195
625	FT931-4255	3	35.22188186645508
625	FT931-5188	4	34.95446014404297
625	FT932-1095	5	34.24989318847656
625	FBIS3-42326	6	33.64728546142578
625	FT931-4449	7	33.060420989990234
625	FT933-14359	8	33.05712890625
625	FBIS3-38993	9	32.85477828979492
625	FBIS3-42313	10	32.841068267822266
633	FT921-6952	1	35.7097053527832
633	FT944-5505	2	34.22634506225586
633	FT944-13056	3	33.955970764160156
633	FT921-2060	4	33.129417419433594
633	FT922-14090	5	33.07592010498047
633	FT944-171	6	32.92292785644531
633	FT944-2417	7	32.836666107177734
633	FT944-2579	8	32.836666107177734
633	FT934-7579	9	32.637611389160156
633	FT921-5498	10	32.57614517211914
641	LA120989-0014	1	34.24150848388672
641	LA042389-0080	2	34.116600036621094
641	LA033189-0109	3	33.918663024902344
641	LA060189-0093	4	33.75285720825195
641	LA110589-0102	5	33.3591194152832
641	FR940617-2-00004	6	32.313968658447266
641	FR940927-2-00002	7	32.26946258544922
641	LA090889-0052	8	32.12034606933594
641	LA032390-0003	9	31.816984176635742
641	LA071889-0013	10	31.764694213867188
649	LA101289-0156	1	33.926700592041016
649	FT944-9024	2	33.76232147216797
649	LA072189-0102	3	33.277103424072266
649	LA072189-0145	4	33.18049621582031
649	FT921-5724	5	33.17741775512695
649	FT941-13624	6	33.08090591430664
649	FT921-14183	7	33.042266845703125
649	FT942-15716	8	32.85232162475586
649	LA101089-0139	9	32.764957427978516
649	LA101189-0094	10	32.454376220703125
657	LA052189-0047	1	39.00084686279297
657	LA053089-0108	2	37.854183197021484
657	LA090389-0150	3	35.076332092285156
657	LA060590-0018	4	34.6447868347168
657	LA060590-0129	5	34.51414108276367
657	LA020890-0187	6	32.97490692138672
657	LA042190-0027	7	32.31458282470703
657	LA061489-0093	8	31.809677124023438
657	LA102589-0070	9	31.7325382232666
657	FT944-13637	10	31.512218475341797
665	LA071690-0091	1	34.400970458984375
665	FT934-16727	2	33.79537582397461
665	FBIS4-20721	3	33.786678314208984
665	FT941-2906	4	33.73647689819336
665	FT941-4190	5	33.71086120605469
665	FT933-858	6	33.69780731201172
665	FT921-4350	7	33.42003631591797
665	LA040890-0169	8	33.37967300415039
665	FT933-5757	9	33.343082427978516
665	FBIS4-23299	10	33.197731018066406
673	LA020789-0116	1	41.489044189453125
673	LA011189-0094	2	41.193763732910156
673	LA011689-0035	3	40.44650650024414
673	LA031789-0071	4	40.27055358886719
673	LA020689-0082	5	40.22483444213867
673	FBIS3-37475	6	40.04230499267578
673	LA021689-0093	7	39.52713394165039
673	FBIS3-37473	8	39.50785446166992
673	LA091889-0051	9	39.33140182495117
673	LA013189-0015	10	39.14697265625
681	FBIS3-59629	1	33.02408218383789
681	FT932-15966	2	32.70623016357422
681	FBIS3-21074	3	32.5987663269043
681	FT933-7813	4	32.1285400390625
681	FT923-6721	5	32.096702575683594
681	FT933-7140	6	32.070064544677734
681	FBIS3-59628	7	31.988834381103516
681	FT922-15436	8	31.987262725830078
681	FT932-15540	9	31.88199234008789
681	FBIS3-41492	10	31.830163955688477
689	FR941004-1-00072	1	33.3465690612793
689	FR941004-1-00108	2	32.61655044555664
689	FR940725-0-00048	3	32.58432388305664
689	FR941004-1-00073	4	32.311405181884766
689	FR940627-2-00037	5	32.177181243896484
689	FR941230-2-00136	6	32.1728630065918
689	FR941004-1-00076	7	32.06797790527344
689	LA013090-0128	8	32.020755767822266
689	FR940504-2-00054	9	31.782840728759766
689	LA070890-0111	10	31.610660552978516
697	FBIS4-22524	1	35.37417984008789
697	FBIS3-27231	2	34.722190856933594
697	FT923-7830	3	34.25807571411133
697	FBIS4-46886	4	34.194313049316406
697	FR940825-1-00008	5	34.013671875
697	FT924-4954	6	33.83155822753906
697	FT922-10441	7	33.717437744140625
697	FBIS3-57784	8	33.635337829589844
697	FT934-5136	9	33.60186767578125
697	LA031089-0073	10	33.42962646484375
308	LA070489-0051	1	31.129478454589844
308	FR940214-1-00036	2	30.362640380859375
308	FR941220-0-00005	3	29.250625610351562
308	LA022790-0006	4	29.01163673400879
308	FT942-16065	5	28.422122955322266
308	FT942-15813	6	28.180295944213867
308	LA043090-0037	7	27.521678924560547
308	FT943-5805	8	27.396224975585938
308	LA091289-0027	9	27.356298446655273
308	FR941027-2-00093	10	27.27112579345703
316	LA012789-0030	1	25.874370574951172
316	LA020589-0042	2	25.39828872680664
316	FT911-3121	3	25.054035186767578
316	LA061190-0015	4	24.894712448120117
316	FT933-10870	5	24.827899932861328
316	FT934-1445	6	24.62899398803711
316	FT934-14916	7	24.453237533569336
316	FT941-420	8	24.307220458984375
316	LA020590-0020	9	24.178142547607422
316	FBIS4-24792	10	24.128280639648438
324	FT942-8527	1	37.91611099243164
324	FT942-8521	2	37.814998626708984
324	LA021690-0066	3	37.5898323059082
324	FT934-11440	4	37.5609130859375
324	FBIS4-57975	5	37.352760314941406
324	LA080289-0074	6	37.08570098876953
324	FT934-11446	7	36.93238067626953
324	FBIS3-10646	8	36.17292022705078
324	FBIS3-10552	9	35.78612518310547
324	FT921-13397	10	35.27698516845703
332	LA101790-0029	1	35.128841400146484
332	FT931-3667	2	34.979591369628906
332	FT934-9389	3	34.86878967285156
332	LA011689-0065	4	34.38544845581055
332	LA032290-0185	5	34.22886657714844
332	FBIS4-25245	6	33.93329620361328
332	FT944-2836	7	33.742034912109375
332	FT934-15748	8	33.732177734375
332	FT923-3631	9	33.602577209472656
332	LA021390-0041	10	33.558433532714844
340	FT941-6884	1	38.6239013671875
340	FBIS3-5917	2	37.54941940307617
340	LA102390-0067	3	37.248355865478516
340	LA042390-0049	4	36.373050689697266
340	FBIS3-940	5	35.764671325683594
340	FT944-9104	6	35.18769836425781
340	FT943-11670	7	33.873329162597656
340	FBIS4-24825	8	33.533905029296875
340	FR940407-0-00058	9	33.529571533203125
340	FT911-826	10	33.529293060302734
348	LA012190-0028	1	31.08812141418457
348	LA070590-0006	2	25.46124839782715
348	FT944-10282	3	25.193445205688477
348	LA041489-0127	4	25.1401309967041
348	LA032089-0021	5	25.009140014648438
348	LA080590-0016	6	24.753887176513672
348	FT941-8354	7	24.64405632019043
348	LA060589-0049	8	24.60022735595703
348	FT944-5296	9	24.575849533081055
348	FT931-13342	10	24.530467987060547
356	LA082890-0074	1	30.587799072265625
356	LA111589-0004	2	29.596843719482422
356	FT932-1044	3	29.021831512451172
356	LA080289-0067	4	28.38694953918457
356	FT932-4270	5	28.076066970825195
356	FT944-11110	6	27.78932762145996
356	LA121489-0052	7	27.788848876953125
356	FT934-4880	8	27.767234802246094
356	FT942-17043	9	27.695796966552734
356	FT943-13582	10	27.577932357788086
364	FT923-5564	1	31.85018539428711
364	FBIS3-4916	2	30.556015014648438
364	FBIS3-22604	3	30.38050079345703
364	FR941006-1-00007	4	30.073698043823242
364	FBIS3-22643	5	29.872974395751953
364	FBIS3-22674	6	29.68431282043457
364	LA110689-0034	7	29.547222137451172
364	FR941026-2-00005	8	29.46186637878418
364	LA122790-0077	9	29.382320404052734
364	FR941006-1-00004	10	29.223848342895508
372	LA080889-0069	1	34.19784927368164
372	FT923-10784	2	33.89495849609375
372	LA060390-0083	3	32.6263542175293
372	LA090389-0160	4	32.5020866394043
372	FT943-6218	5	32.47521209716797
372	FR940426-2-00124	6	31.943418502807617
372	LA090690-0021	7	31.615875244140625
372	FR940426-2-00123	8	31.60897445678711
372	FR940921-2-00092	9	31.598155975341797
372	FT924-6336	10	31.5534725189209
380	LA082390-0077	1	28.751035690307617
380	FT934-704	2	28.255369186401367
380	FT943-208	3	27.663368225097656
380	FT922-9829	4	27.38208770751953
380	FR940602-2-00059	5	26.64418601989746
380	FT931-2539	6	26.34281349182129
380	FT933-2419	7	26.31941032409668
380	LA041789-0062	8	26.191539764404297
380	LA100990-0095	9	26.08991241455078
380	LA032790-0104	10	25.83263397216797
388	LA110490-0250	1	32.79771041870117
388	LA090990-0241	2	31.6855525970459
388	FT942-1783	3	31.362945556640625
388	FT934-8411	4	31.014501571655273
388	FT933-11234	5	30.49488639831543
388	LA100890-0026	6	30.215673446655273
388	FT933-12867	7	29.959945678710938
388	LA061489-0097	8	28.66844367980957
388	FT942-8335	9	28.645830154418945
388	FT943-16261	10	28.619747161865234
396	FT923-9638	1	38.956512451171875
396	FT923-7392	2	38.159854888916016
396	FR940405-1-00092	3	37.69951629638672
396	FT923-4291	4	34.648738861083984
396	LA100690-0080	5	33.20131301879883
396	FR940405-1-00040	6	32.61474609375
396	FR940405-1-00035	7	32.189453125
396	FT923-2548	8	32.12803649902344
396	FT943-3526	9	28.929275512695312
396	LA011789-0106	10	28.24308204650879
404	FT941-3772	1	40.319610595703125
404	FT941-4712	2	38.94485092163086
404	FT934-11927	3	38.771263122558594
404	FBIS3-58718	4	38.33754348754883
404	FT941-16647	5	38.15113830566406
404	FT934-16786	6	38.11161422729492
404	FT942-16203	7	38.07150650024414
404	FT934-10718	8	38.01979064941406
404	FT943-14059	9	37.93494415283203
404	FBIS3-19031	10	37.88038635253906
412	FR941206-1-00140	1	35.0413703918457
412	FT933-6584	2	34.08202362060547
412	FR941206-1-00143	3	34.04706573486328
412	LA041890-0141	4	33.809635162353516
412	LA100589-0098	5	33.22856140136719
412	FBIS3-60767	6	33.11503219604492
412	LA100189-0090	7	33.067325592041016
412	FR941206-1-00138	8	32.823387145996094
412	FT931-6812	9	32.78910446166992
412	FT941-4019	10	32.763458251953125
420	LA121590-0108	1	40.883155822753906
420	LA010390-0086	2	37.84531784057617
420	LA121890-0152	3	37.55209732055664
420	LA030389-0055	4	37.33148956298828
420	LA121389-0123	5	36.696815490722656
420	LA010489-0041	6	36.59316635131836
420	LA020689-0022	7	36.15618896484375
420	LA121990-0004	8	36.04741287231445
420	LA121289-0035	9	35.683349609375
420	FT933-12618	10	35.065670013427734
428	FT943-8321	1	34.92716598510742
428	FBIS4-22416	2	34.21552658081055
428	FT943-11076	3	33.8286247253418
428	FT943-9226	4	33.78031539916992
428	LA083090-0246	5	33.7236328125
428	LA030990-0060	6	33.55024719238281
428	FBIS3-3671	7	33.497589111328125
428	LA090990-0090	8	33.297996520996094
428	FBIS4-68624	9	33.095184326171875
428	LA043089-0062	10	33.03961944580078
436	FT931-12899	1	37.3324089050293
436	FT931-12906	2	36.400634765625
436	FT941-1173	3	35.51859664916992
436	FT923-5087	4	35.260284423828125
436	FBIS3-27285	5	34.929893493652344
436	LA110990-0021	6	34.725746154785156
436	LA030789-0084	7	34.66220474243164
436	LA083189-0135	8	34.62324905395508
436	FT944-5220	9	34.46365737915039
436	LA111090-0116	10	34.34010696411133
444	FBIS4-45803	1	32.13291931152344
444	FT943-4354	2	30.988670349121094
444	FR940318-0-00170	3	29.810592651367188
444	FT943-7443	4	27.818435668945312
444	FT942-4166	5	27.61895751953125
444	FBIS3-24513	6	26.98503875732422
444	FT934-1094	7	26.97821044921875
444	FBIS3-40501	8	26.840410232543945
444	FT944-16397	9	26.469614028930664
444	FR940318-0-00142	10	26.350210189819336
602	FT921-1623	1	38.70795440673828
602	FT933-9106	2	37.928470611572266
602	FT923-13484	3	37.76420974731445
602	FT924-14085	4	36.97495651245117
602	FT924-14895	5	36.707763671875
602	FBIS3-9018	6	36.663414001464844
602	FBIS3-50282	7	36.485145568847656
602	FT931-10283	8	36.286651611328125
602	FT922-2143	9	36.25009536743164
602	FT923-5100	10	36.17622756958008
610	FT921-5263	1	35.179473876953125
610	FT921-936	2	34.553749084472656
610	FT921-280	3	33.97146987915039
610	FR940204-2-00109	4	33.18946075439453
610	FR940719-2-00113	5	33.042518615722656
610	FT922-15283	6	32.81699752807617
610	FR940127-1-00077	7	32.56272888183594
610	FT944-18659	8	32.15703582763672
610	FR941220-0-00101	9	31.888954162597656
610	FT922-15149	10	31.862634658813477
618	LA071489-0009	1	40.16673278808594
618	LA061289-0017	2	40.01078414916992
618	LA060689-0019	3	39.84295654296875
618	LA060589-0062	4	39.66469192504883
618	LA060689-0056	5	39.608985900878906
618	LA053089-0037	6	39.211448669433594
618	LA060589-0056	7	39.12721252441406
618	LA060590-0034	8	39.07107162475586
618	LA060589-0012	9	38.8482666015625
618	LA052689-0132	10	38.59152603149414
626	FT941-8535	1	31.53618049621582
626	FT942-7622	2	31.3257999420166
626	FT944-7609	3	31.292383193969727
626	FT931-17135	4	30.253694534301758
626	LA072989-0053	5	30.199121475219727
626	FR941003-0-00080	6	29.72216796875
626	LA080389-0083	7	29.587066650390625
626	FT931-14000	8	29.54352569580078
626	LA052689-0191	9	28.975387573242188
626	FBIS4-4694	10	28.922378540039062
634	LA032390-0070	1	40.328880310058594
634	LA032290-0239	2	38.21027374267578
634	LA053190-0019	3	37.057281494140625
634	LA071090-0010	4	36.339111328125
634	LA071090-0055	5	36.22665023803711
634	LA111689-0145	6	36.13486099243164
634	LA061390-0007	7	35.92676544189453
634	LA071590-0202	8	34.109466552734375
634	LA060490-0010	9	33.53346633911133
634	LA071190-0137	10	33.52753829956055
642	FBIS3-3418	1	40.536312103271484
642	FT943-15454	2	40.073787689208984
642	FBIS3-3419	3	39.289024353027344
642	FT932-5295	4	38.99773025512695
642	FT942-5500	5	38.71607971191406
642	FBIS4-24547	6	38.33449172973633
642	FBIS4-24529	7	38.33449172973633
642	FT922-10319	8	38.22642517089844
642	FBIS4-24853	9	38.154640197753906
642	FT922-4547	10	38.080101013183594
650	LA120489-0113	1	36.923805236816406
650	LA053189-0041	2	36.90609359741211
650	LA103090-0078	3	36.0141487121582
650	LA111589-0039	4	35.707027435302734
650	LA040889-0060	5	35.64958953857422
650	LA101790-0029	6	35.3271484375
650	LA062689-0056	7	35.189029693603516
650	LA011689-0065	8	34.9036865234375
650	LA102690-0100	9	34.878021240234375
650	LA080989-0119	10	34.80134963989258
658	LA032489-0044	1	30.030908584594727
658	LA041890-0107	2	29.97456932067871
658	LA060990-0055	3	29.51647186279297
658	LA122690-0090	4	29.099706649780273
658	LA051190-0035	5	28.729267120361328
658	LA040490-0027	6	28.46092987060547
658	LA093090-0209	7	28.262773513793945
658	LA012590-0152	8	27.662395477294922
658	LA073189-0021	9	27.514759063720703
658	LA072490-0039	10	27.50829315185547
666	LA112390-0008	1	38.33226013183594
666	LA103089-0082	2	38.20247268676758
666	LA120290-0084	3	38.02666091918945
666	LA110290-0095	4	37.6374397277832
666	LA112789-0019	5	37.602813720703125
666	LA112990-0108	6	37.524192810058594
666	LA072589-0047	7	37.380226135253906
666	LA080489-0162	8	37.276283264160156
666	LA112390-0067	9	37.2667236328125
666	LA112090-0109	10	37.003639221191406
674	FT933-5458	1	35.53275680541992
674	FT921-876	2	35.427249908447266
674	FT923-9203	3	34.96586608886719
674	FT943-15099	4	34.6396369934082
674	FT933-204	5	34.46165084838867
674	LA100890-0126	6	34.19648361206055
674	FT941-14241	7	33.697601318359375
674	FT932-12019	8	33.481388092041016
674	FT933-11305	9	33.47947311401367
674	FT923-2999	10	33.46136474609375
682	LA110790-0052	1	32.81581115722656
682	LA020289-0184	2	31.27172088623047
682	LA102889-0141	3	30.954975128173828
682	FBIS4-2830	4	30.763978958129883
682	LA072990-0147	5	30.52756690979004
682	FR940825-1-00085	6	30.179466247558594
682	LA060790-0202	7	30.15712547302246
682	LA021989-0036	8	29.870819091796875
682	FBIS4-29053	9	29.754484176635742
682	FT944-8891	10	29.741445541381836
690	FT931-16546	1	32.36076354980469
690	LA110789-0114	2	29.917882919311523
690	FT932-6208	3	29.448768615722656
690	FBIS3-2064	4	29.352142333984375
690	LA081089-0168	5	28.5971622467041
690	LA011589-0105	6	28.589500427246094
690	FT942-2396	7	28.408113479614258
690	FT944-8789	8	28.16058349609375
690	FR940223-2-00205	9	28.09908676147461
690	FT942-5273	10	28.02988052368164
698	FBIS3-43757	1	33.90510177612305
698	FBIS3-44197	2	32.99203109741211
698	LA082089-0111	3	32.456146240234375
698	FT931-12270	4	31.507020950317383
698	FBIS3-3949	5	31.255441665649414
698	FT943-6077	6	30.845916748046875
698	FBIS3-24933	7	30.643653869628906
698	FT943-6229	8	30.608844757080078
698	FT931-10376	9	30.482446670532227
698	FBIS3-22595	10	30.35457420349121
